4.000000000000000000e+02 3.317318153206121334e-01
4.010033444816053247e+02 3.440721783253100630e-01
4.020066889632107063e+02 3.601136504041489994e-01
4.030100334448160311e+02 3.712309194958879344e-01
4.040133779264214127e+02 3.808765081736798508e-01
4.050167224080267374e+02 4.191618494120079585e-01
4.060200668896321190e+02 4.311524764510540897e-01
4.070234113712374437e+02 4.420791555167172260e-01
4.080267558528428253e+02 4.530599767160867208e-01
4.090301003344481501e+02 4.663994294695916198e-01
4.100334448160535317e+02 4.714468469859471877e-01
4.110367892976588564e+02 4.757075195725373740e-01
4.120401337792642380e+02 4.799681921591277822e-01
4.130434782608695627e+02 4.842288647457179129e-01
4.140468227424748875e+02 4.885913489622517591e-01
4.150501672240802691e+02 4.953783304681239064e-01
4.160535117056855938e+02 5.017464301874354771e-01
4.170568561872909754e+02 5.044090757048758089e-01
4.180602006688963002e+02 5.070717212223159187e-01
4.190635451505016817e+02 5.097343667397562506e-01
4.200668896321070065e+02 5.149179860086534610e-01
4.210702341137123881e+02 5.201658968120608240e-01
4.220735785953177128e+02 5.254138076154679649e-01
4.230769230769230944e+02 5.306617184188753278e-01
4.240802675585284192e+02 5.325596616147245665e-01
4.250836120401338007e+02 5.336466398015046186e-01
4.260869565217391255e+02 5.347336179882846707e-01
4.270903010033445071e+02 5.367060354287864765e-01
4.280936454849498318e+02 5.391061338018480198e-01
4.290969899665551566e+02 5.415062321749095631e-01
4.301003344481605382e+02 5.439063305479712174e-01
4.311036789297658629e+02 5.463064289210327606e-01
4.321070234113712445e+02 5.476121941570790685e-01
4.331103678929765692e+02 5.489009039305542403e-01
4.341137123745819508e+02 5.501896137040295232e-01
4.351170568561872756e+02 5.514783234775046949e-01
4.361204013377926572e+02 5.527670332509798667e-01
4.371237458193979819e+02 5.533265124347656050e-01
4.381270903010033635e+02 5.538351026734907867e-01
4.391304347826086882e+02 5.543436929122158574e-01
4.401337792642140698e+02 5.557045125551891562e-01
4.411371237458193946e+02 5.572053516176045385e-01
4.421404682274247762e+02 5.587061906800199207e-01
4.431438127090301009e+02 5.602070297424353029e-01
4.441471571906354256e+02 5.617078688048506852e-01
4.451505016722408072e+02 5.625104213803971964e-01
4.461538461538461320e+02 5.631163452836855932e-01
4.471571906354515136e+02 5.637222691869738789e-01
4.481605351170568383e+02 5.643281930902622756e-01
4.491638795986622199e+02 5.649341169935506723e-01
4.501672240802675447e+02 5.655277132510585503e-01
4.511705685618729262e+02 5.657970234463234327e-01
4.521739130434782510e+02 5.660663336415882041e-01
4.531772575250836326e+02 5.663356438368529755e-01
4.541806020066889573e+02 5.679499319365685084e-01
4.551839464882943389e+02 5.698207448989061064e-01
4.561872909698996637e+02 5.716915578612435933e-01
4.571906354515050452e+02 5.735623708235811913e-01
4.581939799331103700e+02 5.753180900034015055e-01
4.591973244147156947e+02 5.762605431993198524e-01
4.602006688963210763e+02 5.772029963952381992e-01
4.612040133779264011e+02 5.781454495911564351e-01
4.622073578595317827e+02 5.790879027870747819e-01
4.632107023411371074e+02 5.798384020921256710e-01
4.642140468227424890e+02 5.801614126071555910e-01
4.652173913043478137e+02 5.804844231221855111e-01
4.662207357859531953e+02 5.808074336372153201e-01
4.672240802675585201e+02 5.811304441522452402e-01
4.682274247491639017e+02 5.815235619198316774e-01
4.692307692307692264e+02 5.821952825744179938e-01
4.702341137123745511e+02 5.828670032290044212e-01
4.712374581939799327e+02 5.835387238835908486e-01
4.722408026755853143e+02 5.843567742968154288e-01
4.732441471571906391e+02 5.852204257562216849e-01
4.742474916387959638e+02 5.860840772156278300e-01
4.752508361204013454e+02 5.869477286750340861e-01
4.762541806020066701e+02 5.878113801344403422e-01
4.772575250836120517e+02 5.884607619247632648e-01
4.782608695652173765e+02 5.880045362640944351e-01
4.792642140468227581e+02 5.875483106034254943e-01
4.802675585284280828e+02 5.870920849427566646e-01
4.812709030100334644e+02 5.866358592820877238e-01
4.822742474916387891e+02 5.874729737100364835e-01
4.832775919732441707e+02 5.885573907586728604e-01
4.842809364548494955e+02 5.896418078073092373e-01
4.852842809364548202e+02 5.906873579635618654e-01
4.862876254180602018e+02 5.912736825822486608e-01
4.872909698996655834e+02 5.918600072009355673e-01
4.882943143812709081e+02 5.924463318196223627e-01
4.892976588628762329e+02 5.930326564383091581e-01
4.903010033444816145e+02 5.936189810569959535e-01
4.913043478260869392e+02 5.942053056756828600e-01
4.923076923076923208e+02 5.947916302943696554e-01
4.933110367892976456e+02 5.953779549130564508e-01
4.943143812709030271e+02 5.955936505424559435e-01
4.953177257525083519e+02 5.957246967248978065e-01
4.963210702341136766e+02 5.958557429073396694e-01
4.973244147157190582e+02 5.961692561252404099e-01
4.983277591973244398e+02 5.969150106146050572e-01
4.993311036789297646e+02 5.976607651039697044e-01
5.003344481605350893e+02 5.984065195933342407e-01
5.013377926421404709e+02 5.991522740826988880e-01
5.023411371237458525e+02 5.995089455362391240e-01
5.033444816053511772e+02 5.992919661138623733e-01
5.043478260869565020e+02 5.990749866914857336e-01
5.053511705685618836e+02 5.988580072691089828e-01
5.063545150501672083e+02 5.986410278467322321e-01
5.073578595317725899e+02 5.984241212525076570e-01
5.083612040133779146e+02 5.983350863278175114e-01
5.093645484949832962e+02 5.982460514031272547e-01
5.103678929765886210e+02 5.981570164784371091e-01
5.113712374581939457e+02 5.990496339822568572e-01
5.123745819397993273e+02 6.003340021366784240e-01
5.133779264214047089e+02 6.016183702910998798e-01
5.143812709030100905e+02 6.029027384455214467e-01
5.153846153846153584e+02 6.041871065999427914e-01
5.163879598662207400e+02 6.050862017145340888e-01
5.173913043478261216e+02 6.056717801968785064e-01
5.183946488294313895e+02 6.062573586792228131e-01
5.193979933110367710e+02 6.067717082425690966e-01
5.204013377926421526e+02 6.067252919527120758e-01
5.214046822742475342e+02 6.066788756628550550e-01
5.224080267558528021e+02 6.066324593729979231e-01
5.234113712374581837e+02 6.065860430831409023e-01
5.244147157190635653e+02 6.065396267932838814e-01
5.254180602006688332e+02 6.064932105034267495e-01
5.264214046822742148e+02 6.069819252074947213e-01
5.274247491638795964e+02 6.075842241606181915e-01
5.284280936454849780e+02 6.081865231137417727e-01
5.294314381270903596e+02 6.088698661621336772e-01
5.304347826086956275e+02 6.095605636813971051e-01
5.314381270903010090e+02 6.102512612006605330e-01
5.324414715719063906e+02 6.109419587199240720e-01
5.334448160535116585e+02 6.116326562391873889e-01
5.344481605351170401e+02 6.123233537584508168e-01
5.354515050167224217e+02 6.129011377263370308e-01
5.364548494983278033e+02 6.125882462824485675e-01
5.374581939799330712e+02 6.122753548385602151e-01
5.384615384615384528e+02 6.119624633946717518e-01
5.394648829431438344e+02 6.117370778227017025e-01
5.404682274247491023e+02 6.126679591602546271e-01
5.414715719063544839e+02 6.135988404978076627e-01
5.424749163879598655e+02 6.145297218353605873e-01
5.434782608695652470e+02 6.154606031729136228e-01
5.444816053511706286e+02 6.161929328911410764e-01
5.454849498327758965e+02 6.165637379845847477e-01
5.464882943143812781e+02 6.169345430780285300e-01
5.474916387959866597e+02 6.173053481714724233e-01
5.484949832775919276e+02 6.176761532649160946e-01
5.494983277591973092e+02 6.176378373148144751e-01
5.505016722408026908e+02 6.172027552996089961e-01
5.515050167224080724e+02 6.167676732844036280e-01
5.525083612040133403e+02 6.163325912691981490e-01
5.535117056856187219e+02 6.158975092539927809e-01
5.545150501672241035e+02 6.156867273878410263e-01
5.555183946488293714e+02 6.154837249551762257e-01
5.565217391304347530e+02 6.156982994959719901e-01
5.575250836120401345e+02 6.166287940147530122e-01
5.585284280936455161e+02 6.175592885335340343e-01
5.595317725752508977e+02 6.184897830523150564e-01
5.605351170568561656e+02 6.194202775710959674e-01
5.615384615384615472e+02 6.203507720898769895e-01
5.625418060200669288e+02 6.209624125331173472e-01
5.635451505016721967e+02 6.207422027792816044e-01
5.645484949832775783e+02 6.205219930254458616e-01
5.655518394648829599e+02 6.203017832716100077e-01
5.665551839464883415e+02 6.200815735177742649e-01
5.675585284280936094e+02 6.198613637639385221e-01
5.685618729096989910e+02 6.198949391892795147e-01
5.695652173913043725e+02 6.200020787766902242e-01
5.705685618729096404e+02 6.201092183641009337e-01
5.715719063545150220e+02 6.205176521802530099e-01
5.725752508361204036e+02 6.212187394844673749e-01
5.735785953177257852e+02 6.219198267886816289e-01
5.745819397993311668e+02 6.225906681822420685e-01
5.755852842809364347e+02 6.229716590055117686e-01
5.765886287625418163e+02 6.233526498287814688e-01
5.775919732441471979e+02 6.237336406520511689e-01
5.785953177257524658e+02 6.241146314753208690e-01
5.795986622073578474e+02 6.244956222985905692e-01
5.806020066889632290e+02 6.247328394027207299e-01
5.816053511705686105e+02 6.243938140635495460e-01
5.826086956521738784e+02 6.240547887243783620e-01
5.836120401337792600e+02 6.237157633852071781e-01
5.846153846153846416e+02 6.233767380460359941e-01
5.856187290969899095e+02 6.234211905497626383e-01
5.866220735785952911e+02 6.240647719172495167e-01
5.876254180602006727e+02 6.247083532847363951e-01
5.886287625418060543e+02 6.253519346522232736e-01
5.896321070234114359e+02 6.257834586469036564e-01
5.906354515050167038e+02 6.261360013757218956e-01
5.916387959866220854e+02 6.264885441045401349e-01
5.926421404682273533e+02 6.268410868333582631e-01
5.936454849498327349e+02 6.271936295621765023e-01
5.946488294314381164e+02 6.275461722909948525e-01
5.956521739130434980e+02 6.279403472498047423e-01
5.966555183946488796e+02 6.283912274821851218e-01
5.976588628762541475e+02 6.288421077145653904e-01
5.986622073578595291e+02 6.293881621642571922e-01
5.996655518394649107e+02 6.300419633184610735e-01
6.006688963210701786e+02 6.306957644726649548e-01
6.016722408026755602e+02 6.310733130205372632e-01
6.026755852842809418e+02 6.309832138393586254e-01
6.036789297658863234e+02 6.308931146581798766e-01
6.046822742474917050e+02 6.308030154770012388e-01
6.056856187290969729e+02 6.307129162958226010e-01
6.066889632107023544e+02 6.306228171146439632e-01
6.076923076923076223e+02 6.305317377667181145e-01
6.086956521739130039e+02 6.304299086336214719e-01
6.096989966555183855e+02 6.303280795005248294e-01
6.107023411371237671e+02 6.302262503674282978e-01
6.117056856187291487e+02 6.301244212343316553e-01
6.127090301003344166e+02 6.299976908922416685e-01
6.137123745819397982e+02 6.297653999794728952e-01
6.147157190635451798e+02 6.295331090667042329e-01
6.157190635451504477e+02 6.293008181539354595e-01
6.167224080267558293e+02 6.297332616164414976e-01
6.177257525083612109e+02 6.304877595146665126e-01
6.187290969899665924e+02 6.312422574128916386e-01
6.197324414715719740e+02 6.319967553111167646e-01
6.207357859531772419e+02 6.318249757695726387e-01
6.217391304347826235e+02 6.315513689128150476e-01
6.227424749163878914e+02 6.312777620560574565e-01
6.237458193979932730e+02 6.310041551992998654e-01
6.247491638795986546e+02 6.307305483425422743e-01
6.257525083612040362e+02 6.304569414857846832e-01
6.267558528428094178e+02 6.303336870927430668e-01
6.277591973244146857e+02 6.303520758232684651e-01
6.287625418060200673e+02 6.303704645537938633e-01
6.297658862876254489e+02 6.307814187219269453e-01
6.307692307692307168e+02 6.313197126423339967e-01
6.317725752508360983e+02 6.318580065627412701e-01
6.327759197324414799e+02 6.323963004831484325e-01
6.337792642140468615e+02 6.329345944035557059e-01
6.347826086956522431e+02 6.334728883239628683e-01
6.357859531772575110e+02 6.338174262765249312e-01
6.367892976588628926e+02 6.332879959676023240e-01
6.377926421404681605e+02 6.327585656586798279e-01
6.387959866220735421e+02 6.322291353497572208e-01
6.397993311036789237e+02 6.316997050408346137e-01
6.408026755852843053e+02 6.311702747319121176e-01
6.418060200668896869e+02 6.309397655312115605e-01
6.428093645484949548e+02 6.307837233864372894e-01
6.438127090301003363e+02 6.306276812416629074e-01
6.448160535117057179e+02 6.311048717125604668e-01
6.458193979933109858e+02 6.319476292259046390e-01
6.468227424749163674e+02 6.327903867392489223e-01
6.478260869565217490e+02 6.336331442525932056e-01
6.488294314381271306e+02 6.337396704648713408e-01
6.498327759197323985e+02 6.333672728206496405e-01
6.508361204013377801e+02 6.329948751764280512e-01
6.518394648829431617e+02 6.326224775322063509e-01
6.528428093645484296e+02 6.322500798879847617e-01
6.538461538461538112e+02 6.318776822437630614e-01
6.548494983277591928e+02 6.315052845995414721e-01
6.558528428093645744e+02 6.311873214057825976e-01
6.568561872909699559e+02 6.308970146759822484e-01
6.578595317725752238e+02 6.306067079461818992e-01
6.588628762541806054e+02 6.307724042372914175e-01
6.598662207357858733e+02 6.314307728551802334e-01
6.608695652173912549e+02 6.320891414730691604e-01
6.618729096989966365e+02 6.327475100909579764e-01
6.628762541806020181e+02 6.334058787088469034e-01
6.638795986622073997e+02 6.338946294399373516e-01
6.648829431438127813e+02 6.339458572600932262e-01
6.658862876254180492e+02 6.339970850802491009e-01
6.668896321070234308e+02 6.339541760927889236e-01
6.678929765886286987e+02 6.333105318809288953e-01
6.688963210702340803e+02 6.326668876690687560e-01
6.698996655518394618e+02 6.320232434572086166e-01
6.709030100334448434e+02 6.313795992453484773e-01
6.719063545150502250e+02 6.307359550334883380e-01
6.729096989966554929e+02 6.303945083197950439e-01
6.739130434782608745e+02 6.310065418865051790e-01
6.749163879598661424e+02 6.316185754532152030e-01
6.759197324414715240e+02 6.322131469856463459e-01
6.769230769230769056e+02 6.327256047869016520e-01
6.779264214046822872e+02 6.332380625881569580e-01
6.789297658862876688e+02 6.337505203894121530e-01
6.799331103678930504e+02 6.342629781906674591e-01
6.809364548494983183e+02 6.347754359919226541e-01
6.819397993311036998e+02 6.352878937931779602e-01
6.829431438127089677e+02 6.352644623756458220e-01
6.839464882943143493e+02 6.344886741731163848e-01
6.849498327759197309e+02 6.337128859705870587e-01
6.859531772575251125e+02 6.329370977680577326e-01
6.869565217391304941e+02 6.322775953314503372e-01
6.879598662207357620e+02 6.327505286055202793e-01
6.889632107023411436e+02 6.332234618795903325e-01
6.899665551839464115e+02 6.336963951536602746e-01
6.909698996655517931e+02 6.340251981699954742e-01
6.919732441471571747e+02 6.340635780809390498e-01
6.929765886287625563e+02 6.341019579918827365e-01
6.939799331103679378e+02 6.341403379028263121e-01
6.949832775919733194e+02 6.341572578269800697e-01
6.959866220735785873e+02 6.341613766466911439e-01
6.969899665551839689e+02 6.341654954664021071e-01
6.979933110367892368e+02 6.341696142861131813e-01
6.989966555183946184e+02 6.341737331058241445e-01
7.000000000000000000e+02 6.341364087659111526e-01
