4.000000000000000000e+02 3.933648048421475862e-01
4.010000000000000000e+02 4.008428349234067767e-01
4.020000000000000000e+02 4.083208650046660226e-01
4.030000000000000000e+02 4.157988950859252131e-01
4.040000000000000000e+02 4.240865324866426866e-01
4.050000000000000000e+02 4.325857621455996282e-01
4.060000000000000000e+02 4.415198264042358156e-01
4.070000000000000000e+02 4.511079876567360980e-01
4.080000000000000000e+02 4.606961489092363804e-01
4.090000000000000000e+02 4.702843101617367183e-01
4.100000000000000000e+02 4.800343681736986001e-01
4.110000000000000000e+02 4.899751974262906984e-01
4.120000000000000000e+02 4.999160266788828522e-01
4.130000000000000000e+02 5.098568559314750059e-01
4.140000000000000000e+02 5.193438207201528378e-01
4.150000000000000000e+02 5.284098205156202432e-01
4.160000000000000000e+02 5.374758203110877597e-01
4.170000000000000000e+02 5.465418201065551651e-01
4.180000000000000000e+02 5.563814880959783160e-01
4.190000000000000000e+02 5.681462721615460065e-01
4.200000000000000000e+02 5.799110562271138081e-01
4.210000000000000000e+02 5.864526012693016543e-01
4.220000000000000000e+02 5.874413900546061607e-01
4.230000000000000000e+02 5.884301788399107780e-01
4.240000000000000000e+02 5.894189676252152843e-01
4.250000000000000000e+02 5.904077564105197906e-01
4.260000000000000000e+02 5.913965451958244079e-01
4.270000000000000000e+02 5.925540942629559105e-01
4.280000000000000000e+02 5.942499702033370301e-01
4.290000000000000000e+02 5.959458461437181498e-01
4.300000000000000000e+02 5.976417220840992695e-01
4.310000000000000000e+02 5.993375980244805001e-01
4.320000000000000000e+02 6.010334739648616198e-01
4.330000000000000000e+02 6.027293499052427395e-01
4.340000000000000000e+02 6.044252258456238591e-01
4.350000000000000000e+02 6.061211017860049788e-01
4.360000000000000000e+02 6.078169777263862095e-01
4.370000000000000000e+02 6.095128536667673291e-01
4.380000000000000000e+02 6.112087296071484488e-01
4.390000000000000000e+02 6.129046055475295685e-01
4.400000000000000000e+02 6.146004814879106881e-01
4.410000000000000000e+02 6.162963574282918078e-01
4.420000000000000000e+02 6.170105715549748515e-01
4.430000000000000000e+02 6.174518752168839386e-01
4.440000000000000000e+02 6.178931788787930257e-01
4.450000000000000000e+02 6.183344825407021128e-01
4.460000000000000000e+02 6.187757862026111999e-01
4.470000000000000000e+02 6.195096424160005943e-01
4.480000000000000000e+02 6.211425991350714160e-01
4.490000000000000000e+02 6.227755558541422376e-01
4.500000000000000000e+02 6.244085125732131702e-01
4.510000000000000000e+02 6.260414692922839919e-01
4.520000000000000000e+02 6.276744260113549245e-01
4.530000000000000000e+02 6.293073827304257462e-01
4.540000000000000000e+02 6.309403394494965678e-01
4.550000000000000000e+02 6.325732961685675004e-01
4.560000000000000000e+02 6.342062528876383221e-01
4.570000000000000000e+02 6.358392096067092547e-01
4.580000000000000000e+02 6.374721663257800763e-01
4.590000000000000000e+02 6.391051230448510090e-01
4.600000000000000000e+02 6.407380797639218306e-01
4.610000000000000000e+02 6.422624054393604176e-01
4.620000000000000000e+02 6.426850501952601213e-01
4.630000000000000000e+02 6.431076949511598251e-01
4.640000000000000000e+02 6.435303397070595288e-01
4.650000000000000000e+02 6.439529844629592326e-01
4.660000000000000000e+02 6.443756292188589363e-01
4.670000000000000000e+02 6.449760082633322344e-01
4.680000000000000000e+02 6.457252478308744825e-01
4.690000000000000000e+02 6.464744873984168416e-01
4.700000000000000000e+02 6.472237269659590897e-01
4.710000000000000000e+02 6.479729665335014488e-01
4.720000000000000000e+02 6.487222061010436969e-01
4.730000000000000000e+02 6.494714456685860560e-01
4.740000000000000000e+02 6.502206852361283040e-01
4.750000000000000000e+02 6.509699248036706631e-01
4.760000000000000000e+02 6.517191643712130222e-01
4.770000000000000000e+02 6.524684039387552703e-01
4.780000000000000000e+02 6.532176435062976294e-01
4.790000000000000000e+02 6.539668830738398775e-01
4.800000000000000000e+02 6.547161226413822366e-01
4.810000000000000000e+02 6.554653622089244847e-01
4.820000000000000000e+02 6.562146017764668438e-01
4.830000000000000000e+02 6.568893556431751879e-01
4.840000000000000000e+02 6.574748225468319829e-01
4.850000000000000000e+02 6.580602894504886669e-01
4.860000000000000000e+02 6.586457563541453508e-01
4.870000000000000000e+02 6.592312232578020348e-01
4.880000000000000000e+02 6.598166901614587188e-01
4.890000000000000000e+02 6.603940758409128087e-01
4.900000000000000000e+02 6.609671837526026605e-01
4.910000000000000000e+02 6.615402916642925124e-01
4.920000000000000000e+02 6.621133995759823643e-01
4.930000000000000000e+02 6.626865074876722161e-01
4.940000000000000000e+02 6.632596153993620680e-01
4.950000000000000000e+02 6.638327233110520309e-01
4.960000000000000000e+02 6.644058312227418828e-01
4.970000000000000000e+02 6.649789391344317346e-01
4.980000000000000000e+02 6.655520470461215865e-01
4.990000000000000000e+02 6.661251549578114384e-01
5.000000000000000000e+02 6.666982628695012902e-01
5.010000000000000000e+02 6.672713707811911421e-01
5.020000000000000000e+02 6.678444786928809940e-01
5.030000000000000000e+02 6.684317933467142092e-01
5.040000000000000000e+02 6.690836077546495897e-01
5.050000000000000000e+02 6.697354221625848592e-01
5.060000000000000000e+02 6.703872365705201286e-01
5.070000000000000000e+02 6.710390509784555091e-01
5.080000000000000000e+02 6.716908653863907785e-01
5.090000000000000000e+02 6.729937924307818342e-01
5.100000000000000000e+02 6.754109303882374071e-01
5.110000000000000000e+02 6.778280683456930911e-01
5.120000000000000000e+02 6.802452063031487750e-01
5.130000000000000000e+02 6.826623442606044589e-01
5.140000000000000000e+02 6.850794822180601429e-01
5.150000000000000000e+02 6.874966201755158268e-01
5.160000000000000000e+02 6.899137581329715108e-01
5.170000000000000000e+02 6.923308960904271947e-01
5.180000000000000000e+02 6.947480340478828786e-01
5.190000000000000000e+02 6.971651720053385626e-01
5.200000000000000000e+02 6.995823099627942465e-01
5.210000000000000000e+02 7.019994479202499305e-01
5.220000000000000000e+02 7.040253564381067086e-01
5.230000000000000000e+02 7.047751099042113276e-01
5.240000000000000000e+02 7.055248633703158356e-01
5.250000000000000000e+02 7.062746168364204546e-01
5.260000000000000000e+02 7.070243703025250737e-01
5.270000000000000000e+02 7.077741237686296927e-01
5.280000000000000000e+02 7.085238772347343117e-01
5.290000000000000000e+02 7.107313948202349518e-01
5.300000000000000000e+02 7.132731733155021070e-01
5.310000000000000000e+02 7.158149518107691511e-01
5.320000000000000000e+02 7.183567303060361953e-01
5.330000000000000000e+02 7.208985088013033504e-01
5.340000000000000000e+02 7.234402872965703946e-01
5.350000000000000000e+02 7.259820657918375497e-01
5.360000000000000000e+02 7.285238442871045939e-01
5.370000000000000000e+02 7.310656227823717490e-01
5.380000000000000000e+02 7.336074012776387931e-01
5.390000000000000000e+02 7.356359390002993326e-01
5.400000000000000000e+02 7.374127750131740378e-01
5.410000000000000000e+02 7.391896110260487429e-01
5.420000000000000000e+02 7.409664470389234481e-01
5.430000000000000000e+02 7.427432830517981532e-01
5.440000000000000000e+02 7.445201190646728584e-01
5.450000000000000000e+02 7.460998441422052041e-01
5.460000000000000000e+02 7.474807799041119916e-01
5.470000000000000000e+02 7.488617156660187790e-01
5.480000000000000000e+02 7.502426514279255665e-01
5.490000000000000000e+02 7.516235871898323539e-01
5.500000000000000000e+02 7.530045229517391414e-01
5.510000000000000000e+02 7.543854587136459289e-01
5.520000000000000000e+02 7.557663944755527163e-01
5.530000000000000000e+02 7.573728289171846040e-01
5.540000000000000000e+02 7.590609376164665356e-01
5.550000000000000000e+02 7.607490463157483562e-01
5.560000000000000000e+02 7.624371550150302879e-01
5.570000000000000000e+02 7.641252637143122195e-01
5.580000000000000000e+02 7.658133724135940401e-01
5.590000000000000000e+02 7.675014811128759717e-01
5.600000000000000000e+02 7.691895898121579034e-01
5.610000000000000000e+02 7.702980532623215915e-01
5.620000000000000000e+02 7.710728856037000201e-01
5.630000000000000000e+02 7.718477179450785597e-01
5.640000000000000000e+02 7.726225502864570993e-01
5.650000000000000000e+02 7.733973826278356389e-01
5.660000000000000000e+02 7.741722149692141786e-01
5.670000000000000000e+02 7.749470473105926072e-01
5.680000000000000000e+02 7.757218796519711468e-01
5.690000000000000000e+02 7.766139565514239562e-01
5.700000000000000000e+02 7.775663371740928476e-01
5.710000000000000000e+02 7.785187177967616279e-01
5.720000000000000000e+02 7.794710984194305192e-01
5.730000000000000000e+02 7.804234790420994106e-01
5.740000000000000000e+02 7.813758596647683019e-01
5.750000000000000000e+02 7.823282402874370822e-01
5.760000000000000000e+02 7.832806209101059736e-01
5.770000000000000000e+02 7.842330015327748649e-01
5.780000000000000000e+02 7.851853821554436452e-01
5.790000000000000000e+02 7.858581587165445193e-01
5.800000000000000000e+02 7.862101616416693473e-01
5.810000000000000000e+02 7.865621645667941753e-01
5.820000000000000000e+02 7.869141674919190033e-01
5.830000000000000000e+02 7.872661704170439423e-01
5.840000000000000000e+02 7.876181733421687703e-01
5.850000000000000000e+02 7.879701762672935983e-01
5.860000000000000000e+02 7.883221791924184263e-01
5.870000000000000000e+02 7.886741821175432543e-01
5.880000000000000000e+02 7.894216520617884925e-01
5.890000000000000000e+02 7.909848835288064706e-01
5.900000000000000000e+02 7.925481149958243376e-01
5.910000000000000000e+02 7.941113464628422047e-01
5.920000000000000000e+02 7.956745779298601828e-01
5.930000000000000000e+02 7.972378093968780499e-01
5.940000000000000000e+02 7.988010408638960280e-01
5.950000000000000000e+02 8.003642723309138951e-01
5.960000000000000000e+02 8.019275037979317622e-01
5.970000000000000000e+02 8.034576212630697434e-01
5.980000000000000000e+02 8.045954210063978040e-01
5.990000000000000000e+02 8.057332207497258647e-01
6.000000000000000000e+02 8.068710204930539254e-01
6.010000000000000000e+02 8.080088202363819860e-01
6.020000000000000000e+02 8.091466199797100467e-01
6.030000000000000000e+02 8.102844197230381074e-01
6.040000000000000000e+02 8.114222194663661680e-01
6.050000000000000000e+02 8.125600192096942287e-01
6.060000000000000000e+02 8.136172872791845867e-01
6.070000000000000000e+02 8.139717114295790257e-01
6.080000000000000000e+02 8.143261355799734647e-01
6.090000000000000000e+02 8.146805597303679036e-01
6.100000000000000000e+02 8.150349838807623426e-01
6.110000000000000000e+02 8.153894080311567816e-01
6.120000000000000000e+02 8.157438321815512206e-01
6.130000000000000000e+02 8.160982563319456595e-01
6.140000000000000000e+02 8.164526804823400985e-01
6.150000000000000000e+02 8.168071046327345375e-01
6.160000000000000000e+02 8.168956601393615458e-01
6.170000000000000000e+02 8.168647444380547906e-01
6.180000000000000000e+02 8.168338287367480355e-01
6.190000000000000000e+02 8.168029130354412803e-01
6.200000000000000000e+02 8.167719973341345252e-01
6.210000000000000000e+02 8.167410816328277701e-01
6.220000000000000000e+02 8.167101659315210149e-01
6.230000000000000000e+02 8.166792502302142598e-01
6.240000000000000000e+02 8.166483345289075046e-01
6.250000000000000000e+02 8.166174188276007495e-01
6.260000000000000000e+02 8.166845240018038021e-01
6.270000000000000000e+02 8.168601979280527559e-01
6.280000000000000000e+02 8.170358718543018206e-01
6.290000000000000000e+02 8.172115457805507743e-01
6.300000000000000000e+02 8.173872197067998391e-01
6.310000000000000000e+02 8.175628936330489038e-01
6.320000000000000000e+02 8.177385675592978576e-01
6.330000000000000000e+02 8.179142414855469223e-01
6.340000000000000000e+02 8.179127870887646923e-01
6.350000000000000000e+02 8.178269568931835209e-01
6.360000000000000000e+02 8.177411266976024606e-01
6.370000000000000000e+02 8.176552965020212893e-01
6.380000000000000000e+02 8.175694663064402290e-01
6.390000000000000000e+02 8.174836361108590577e-01
6.400000000000000000e+02 8.173978059152779974e-01
6.410000000000000000e+02 8.173119757196968260e-01
6.420000000000000000e+02 8.172261455241157657e-01
6.430000000000000000e+02 8.171403153285345944e-01
6.440000000000000000e+02 8.170544851329535341e-01
6.450000000000000000e+02 8.169726800182033344e-01
6.460000000000000000e+02 8.169990997507016184e-01
6.470000000000000000e+02 8.170255194831999024e-01
6.480000000000000000e+02 8.170519392156981864e-01
6.490000000000000000e+02 8.170783589481963594e-01
6.500000000000000000e+02 8.171047786806946434e-01
6.510000000000000000e+02 8.171311984131929274e-01
6.520000000000000000e+02 8.171176821637726739e-01
6.530000000000000000e+02 8.170854040756286851e-01
6.540000000000000000e+02 8.170531259874846963e-01
6.550000000000000000e+02 8.170208478993407075e-01
6.560000000000000000e+02 8.169885698111967187e-01
6.570000000000000000e+02 8.169562917230526189e-01
6.580000000000000000e+02 8.169240136349086301e-01
6.590000000000000000e+02 8.168917355467646413e-01
6.600000000000000000e+02 8.168594574586206525e-01
6.610000000000000000e+02 8.168271793704766637e-01
6.620000000000000000e+02 8.167949012823326749e-01
6.630000000000000000e+02 8.167626231941886861e-01
6.640000000000000000e+02 8.167303451060445862e-01
6.650000000000000000e+02 8.166980670179005974e-01
6.660000000000000000e+02 8.166657889297566086e-01
6.670000000000000000e+02 8.166335108416126198e-01
6.680000000000000000e+02 8.167975605007535833e-01
6.690000000000000000e+02 8.171313967144329116e-01
6.700000000000000000e+02 8.174652329281122398e-01
6.710000000000000000e+02 8.177990691417914570e-01
6.720000000000000000e+02 8.181329053554707853e-01
6.730000000000000000e+02 8.184667415691500025e-01
6.740000000000000000e+02 8.183844138857879758e-01
6.750000000000000000e+02 8.182555821061625601e-01
6.760000000000000000e+02 8.181267503265371444e-01
6.770000000000000000e+02 8.179979185469117287e-01
6.780000000000000000e+02 8.178690867672863130e-01
6.790000000000000000e+02 8.177402549876608973e-01
6.800000000000000000e+02 8.176114232080354816e-01
6.810000000000000000e+02 8.174825914284099548e-01
6.820000000000000000e+02 8.173537596487845391e-01
6.830000000000000000e+02 8.172249278691591234e-01
6.840000000000000000e+02 8.170960960895337077e-01
6.850000000000000000e+02 8.169672643099082920e-01
6.860000000000000000e+02 8.168384325302828763e-01
6.870000000000000000e+02 8.167096007506574606e-01
6.880000000000000000e+02 8.165807689710319339e-01
6.890000000000000000e+02 8.164519371914065182e-01
6.900000000000000000e+02 8.167472215318061224e-01
6.910000000000000000e+02 8.171419288789816271e-01
6.920000000000000000e+02 8.175366362261571318e-01
6.930000000000000000e+02 8.179313435733326365e-01
6.940000000000000000e+02 8.183260509205081412e-01
6.950000000000000000e+02 8.187207582676837569e-01
6.960000000000000000e+02 8.190377521076677159e-01
6.970000000000000000e+02 8.188505262826774045e-01
6.980000000000000000e+02 8.186633004576872041e-01
6.990000000000000000e+02 8.184760746326968928e-01
7.000000000000000000e+02 8.182888488077065814e-01
7.010000000000000000e+02 8.181016229827163810e-01
7.020000000000000000e+02 8.179143971577260697e-01
7.030000000000000000e+02 8.177271713327357583e-01
7.040000000000000000e+02 8.175399455077455579e-01
7.050000000000000000e+02 8.173527196827552466e-01
7.060000000000000000e+02 8.171654938577649352e-01
7.070000000000000000e+02 8.169782680327747348e-01
7.080000000000000000e+02 8.167910422077844235e-01
7.090000000000000000e+02 8.166038163827941121e-01
7.100000000000000000e+02 8.167569745720685281e-01
7.110000000000000000e+02 8.170058912100777171e-01
7.120000000000000000e+02 8.172548078480869060e-01
7.130000000000000000e+02 8.175037244860959840e-01
7.140000000000000000e+02 8.177526411241051729e-01
7.150000000000000000e+02 8.180015577621143619e-01
7.160000000000000000e+02 8.182504744001234398e-01
7.170000000000000000e+02 8.184993910381326288e-01
7.180000000000000000e+02 8.187483076761418177e-01
7.190000000000000000e+02 8.186396780131942608e-01
7.200000000000000000e+02 8.184446621407109879e-01
7.210000000000000000e+02 8.182496462682276039e-01
7.220000000000000000e+02 8.180546303957443310e-01
7.230000000000000000e+02 8.178596145232610581e-01
7.240000000000000000e+02 8.176645986507777852e-01
7.250000000000000000e+02 8.174695827782945123e-01
7.260000000000000000e+02 8.172745669058112394e-01
7.270000000000000000e+02 8.170795510333279665e-01
7.280000000000000000e+02 8.168845351608446936e-01
7.290000000000000000e+02 8.166895192883614207e-01
7.300000000000000000e+02 8.164945034158780368e-01
7.310000000000000000e+02 8.166095486184273833e-01
7.320000000000000000e+02 8.168869897590955720e-01
7.330000000000000000e+02 8.171644308997637607e-01
7.340000000000000000e+02 8.174418720404319494e-01
7.350000000000000000e+02 8.177193131811002491e-01
7.360000000000000000e+02 8.179967543217684378e-01
7.370000000000000000e+02 8.182741954624366265e-01
7.380000000000000000e+02 8.185516366031048152e-01
7.390000000000000000e+02 8.188290777437731149e-01
7.400000000000000000e+02 8.189253081838347992e-01
7.410000000000000000e+02 8.186892347745770016e-01
7.420000000000000000e+02 8.184531613653192039e-01
7.430000000000000000e+02 8.182170879560615173e-01
7.440000000000000000e+02 8.179810145468037197e-01
7.450000000000000000e+02 8.177449411375459221e-01
7.460000000000000000e+02 8.175088677282882355e-01
7.470000000000000000e+02 8.172727943190304378e-01
7.480000000000000000e+02 8.170367209097726402e-01
7.490000000000000000e+02 8.168006475005148426e-01
7.500000000000000000e+02 8.166588527193029412e-01
7.510000000000000000e+02 8.168351867193488491e-01
7.520000000000000000e+02 8.170115207193948681e-01
7.530000000000000000e+02 8.171878547194408871e-01
7.540000000000000000e+02 8.173641887194867950e-01
7.550000000000000000e+02 8.175405227195328139e-01
7.560000000000000000e+02 8.177168567195787219e-01
7.570000000000000000e+02 8.178931907196247408e-01
7.580000000000000000e+02 8.180695247196707598e-01
7.590000000000000000e+02 8.180088582893420002e-01
7.600000000000000000e+02 8.179081783795708605e-01
7.610000000000000000e+02 8.178074984697996097e-01
7.620000000000000000e+02 8.177068185600284700e-01
7.630000000000000000e+02 8.176061386502572192e-01
7.640000000000000000e+02 8.175054587404860795e-01
7.650000000000000000e+02 8.174047788307149398e-01
7.660000000000000000e+02 8.173040989209436891e-01
7.670000000000000000e+02 8.172034190111725493e-01
7.680000000000000000e+02 8.171027391014012986e-01
7.690000000000000000e+02 8.170020591916301589e-01
7.700000000000000000e+02 8.171790171825521476e-01
7.710000000000000000e+02 8.174756538181434662e-01
7.720000000000000000e+02 8.177722904537347848e-01
7.730000000000000000e+02 8.180689270893262144e-01
7.740000000000000000e+02 8.183655637249175330e-01
7.750000000000000000e+02 8.186622003605089626e-01
7.760000000000000000e+02 8.187595905953503062e-01
7.770000000000000000e+02 8.186161388074125744e-01
7.780000000000000000e+02 8.184726870194748427e-01
7.790000000000000000e+02 8.183292352315370000e-01
7.800000000000000000e+02 8.181857834435992682e-01