4.000000000000000000e+02 8.342545072993638733e-02 6.783731425122448144e-02 3.862812574631011575e-01
4.010000000000000000e+02 8.335940847439091139e-02 6.737669236857143917e-02 3.973984116921148724e-01
4.020000000000000000e+02 8.164983379487637805e-02 6.691607048591841078e-02 4.083602231664493210e-01
4.030000000000000000e+02 7.984852435228723122e-02 6.602006093744439141e-02 4.189051485938775077e-01
4.040000000000000000e+02 7.804721490969807052e-02 6.429757770994294630e-02 4.280816236710232037e-01
4.050000000000000000e+02 7.565084692586611370e-02 6.257509448244150119e-02 4.364021095750422741e-01
4.060000000000000000e+02 7.247871612152831378e-02 6.085261125494004913e-02 4.440736373742310561e-01
4.070000000000000000e+02 6.930658531719051385e-02 5.895959982229308921e-02 4.508115143241453460e-01
4.080000000000000000e+02 6.613445451285271393e-02 5.703217824744653136e-02 4.573288220148454264e-01
4.090000000000000000e+02 6.384568925560736574e-02 5.510475667259998045e-02 4.636585765658841063e-01
4.100000000000000000e+02 6.163455952846517982e-02 5.336336061872294645e-02 4.699883311169227307e-01
4.110000000000000000e+02 5.942342980132299390e-02 5.201930890232518701e-02 4.755301230854714900e-01
4.120000000000000000e+02 5.717394623232426032e-02 5.067525718592743450e-02 4.809205499938425388e-01
4.130000000000000000e+02 5.486826070164683294e-02 4.933120546952967506e-02 4.863109769022135875e-01
4.140000000000000000e+02 5.256257517096940557e-02 4.805159270674549260e-02 4.901226481652037337e-01
4.150000000000000000e+02 5.025688964029198513e-02 4.678744598734452254e-02 4.938894649266600267e-01
4.160000000000000000e+02 4.813393662309185111e-02 4.552329926794355941e-02 4.976562816881162643e-01
4.170000000000000000e+02 4.603313058167069621e-02 4.420505966876706744e-02 5.014617015563677116e-01
4.180000000000000000e+02 4.393232454024954825e-02 4.282170423627353756e-02 5.052776672089190901e-01
4.190000000000000000e+02 4.212687003781644124e-02 4.143840092862342839e-02 5.090936328614703577e-01
4.200000000000000000e+02 4.080647390101819344e-02 4.005518331792751185e-02 5.130237311524441512e-01
4.210000000000000000e+02 3.948607776421995258e-02 3.867196570723158838e-02 5.170995584450441829e-01
4.220000000000000000e+02 3.816568162742170478e-02 3.728874809653566491e-02 5.211753857376441035e-01
4.230000000000000000e+02 3.691357803264040671e-02 3.590553048583974144e-02 5.252954557046075612e-01
4.240000000000000000e+02 3.567203689585297238e-02 3.452231287514381797e-02 5.295464066816457649e-01
4.250000000000000000e+02 3.443049575906553805e-02 3.313909526444790143e-02 5.337973576586838576e-01
4.260000000000000000e+02 3.324753987686097229e-02 3.192270861081949324e-02 5.381687882137362600e-01
4.270000000000000000e+02 3.217160960532228220e-02 3.082875165717716137e-02 5.429537863401885378e-01
4.280000000000000000e+02 3.109567933378359211e-02 2.987385536224263297e-02 5.477387844666409267e-01
4.290000000000000000e+02 3.001974906224490203e-02 2.995561358735032709e-02 5.525052087962087910e-01
4.300000000000000000e+02 2.922265194389516221e-02 3.003737181245802121e-02 5.568245152465279846e-01
4.310000000000000000e+02 2.847800586870972983e-02 3.011913003756571533e-02 5.611438216968470671e-01
4.320000000000000000e+02 2.773335979352430092e-02 3.020088826267340945e-02 5.658597104745572981e-01
4.330000000000000000e+02 2.705120364554375670e-02 3.029398882694905523e-02 5.713751607120705067e-01
4.340000000000000000e+02 2.649590022968289008e-02 3.131759964682741260e-02 5.768768079299930740e-01
4.350000000000000000e+02 2.594059681382202345e-02 3.234121046670577343e-02 5.822571573740592532e-01
4.360000000000000000e+02 2.538529339796116030e-02 3.336482128658413426e-02 5.876375068181255434e-01
4.370000000000000000e+02 2.479123650120704236e-02 3.433283411223028020e-02 5.931197223358516402e-01
4.380000000000000000e+02 2.418859486976611059e-02 3.524585935755446958e-02 5.986838883620785312e-01
4.390000000000000000e+02 2.358595323832517882e-02 3.615888460287865896e-02 6.042480543883053112e-01
4.400000000000000000e+02 2.300754929179211344e-02 3.707190984820284835e-02 6.094494309021354361e-01
4.410000000000000000e+02 2.248380563111898253e-02 3.746720441329052381e-02 6.144861918711342907e-01
4.420000000000000000e+02 2.196006197044584815e-02 3.785902256788307996e-02 6.195229528401330343e-01
4.430000000000000000e+02 2.143631830977271724e-02 3.825084072247562916e-02 6.253321185489707501e-01
4.440000000000000000e+02 2.088745750746224053e-02 3.859687855134288914e-02 6.313096799024832118e-01
4.450000000000000000e+02 2.033215409160139472e-02 3.889395391624846793e-02 6.368747920275036334e-01
4.460000000000000000e+02 1.977685067574054545e-02 3.919102928115403978e-02 6.418993787436472198e-01
4.470000000000000000e+02 1.927092866205272134e-02 3.948810464605961856e-02 6.469239654597908062e-01
4.480000000000000000e+02 1.888921325403855947e-02 3.986199674002473270e-02 6.499636138111419825e-01
4.490000000000000000e+02 1.850749784602439760e-02 4.023802395677644750e-02 6.527439699033165121e-01
4.500000000000000000e+02 1.812578243801023919e-02 4.061405117352816924e-02 6.555243259954909307e-01
4.510000000000000000e+02 1.768304700429883941e-02 4.096084632487288768e-02 6.571694207565755841e-01
4.520000000000000000e+02 1.722242512164580408e-02 4.127371168184458539e-02 6.583194264483680502e-01
4.530000000000000000e+02 1.676180323899276528e-02 4.158657703881628309e-02 6.594694321401604054e-01
4.540000000000000000e+02 1.635908395101581467e-02 4.189944239578798774e-02 6.604804499530182449e-01
4.550000000000000000e+02 1.611941210455333437e-02 4.243794859744983577e-02 6.608880592346167981e-01
4.560000000000000000e+02 1.587974025809085754e-02 4.298768653509400101e-02 6.612956685162153514e-01
4.570000000000000000e+02 1.564006841162838071e-02 4.353742447273816624e-02 6.617032777978139046e-01
4.580000000000000000e+02 1.554266583956200563e-02 4.452776488649763664e-02 6.619398245205864173e-01
4.590000000000000000e+02 1.549240922661344194e-02 4.607283265893564322e-02 6.620947984680021214e-01
4.600000000000000000e+02 1.544215261366487651e-02 4.761790043137364981e-02 6.622497724154178256e-01
4.610000000000000000e+02 1.544502561613203193e-02 4.916296820381165639e-02 6.624257991687686475e-01
4.620000000000000000e+02 1.561578785343353294e-02 5.346427266837076864e-02 6.627070847307527934e-01
4.630000000000000000e+02 1.578655009073503396e-02 5.796008756910980136e-02 6.629883702927369393e-01
4.640000000000000000e+02 1.595731232803653324e-02 6.350372657065861404e-02 6.632696558547211962e-01
4.650000000000000000e+02 1.627791122911616956e-02 7.263740085623401899e-02 6.633747644212163452e-01
4.660000000000000000e+02 1.665393844586784966e-02 8.374716880517928119e-02 6.633876522693887834e-01
4.670000000000000000e+02 1.702996566261953323e-02 9.751397384919602285e-02 6.634005401175613326e-01
4.680000000000000000e+02 1.740946408036466581e-02 1.135264875802813322e-01 6.633167989965843558e-01
4.690000000000000000e+02 1.780128223495721848e-02 1.313036512169277470e-01 6.626668208501237389e-01
4.700000000000000000e+02 1.819310038954977463e-02 1.530589864243913079e-01 6.620168427036631220e-01
4.710000000000000000e+02 1.858491854414232730e-02 1.703984237267437418e-01 6.613668645572025051e-01
4.720000000000000000e+02 1.912243742175365538e-02 1.930768559840402299e-01 6.584127881555373873e-01
4.730000000000000000e+02 1.971955498354158523e-02 2.197775127980292620e-01 6.541300940944958509e-01
4.740000000000000000e+02 2.031667254532951161e-02 2.489363802486732058e-01 6.498474000334542033e-01
4.750000000000000000e+02 2.089169690745577845e-02 2.791931053067350232e-01 6.428723613127506065e-01
4.760000000000000000e+02 2.137826466168012141e-02 3.113071444519817654e-01 6.355072157010431821e-01
4.770000000000000000e+02 2.186483241590446783e-02 3.438167013259503801e-01 6.273541830775853922e-01
4.780000000000000000e+02 2.235140017012881425e-02 3.732349790641597553e-01 6.193587446437589517e-01
4.790000000000000000e+02 2.265278469008688567e-02 4.013340656135904183e-01 6.114890346897196016e-01
4.800000000000000000e+02 2.287091293176486337e-02 4.282921785974801443e-01 6.044151285376121452e-01
4.810000000000000000e+02 2.308904117344284107e-02 4.537883072048241040e-01 5.982188516534625577e-01
4.820000000000000000e+02 2.330150137655367590e-02 4.795871200144356528e-01 5.912828214838422580e-01
4.830000000000000000e+02 2.348805209285855997e-02 5.058153183212760196e-01 5.837563935059527642e-01
4.840000000000000000e+02 2.367460280916344750e-02 5.310697682015224075e-01 5.762347427879942474e-01
4.850000000000000000e+02 2.386115352546833157e-02 5.554902114856626882e-01 5.686485233839048137e-01
4.860000000000000000e+02 2.395263229573215205e-02 5.785022436182611916e-01 5.606342739693265242e-01
4.870000000000000000e+02 2.399709350895316146e-02 5.998680134286559218e-01 5.523860641829660967e-01
4.880000000000000000e+02 2.404155472217417086e-02 6.192233579627243190e-01 5.435202893011261693e-01
4.890000000000000000e+02 2.410103100537486220e-02 6.373849650609610951e-01 5.333423224555248199e-01
4.900000000000000000e+02 2.424021685201888793e-02 6.540644429016124750e-01 5.231679226057895926e-01
4.910000000000000000e+02 2.437940269866291365e-02 6.685186713447227591e-01 5.143112933326399183e-01
4.920000000000000000e+02 2.451858854530694284e-02 6.819116254581889525e-01 5.054546640594902440e-01
4.930000000000000000e+02 2.463731171377279289e-02 6.938626900047955015e-01 4.950037483786111636e-01
4.940000000000000000e+02 2.474492192620234357e-02 7.043342884033886309e-01 4.840335411121491349e-01
4.950000000000000000e+02 2.485253213863189425e-02 7.136282563341593832e-01 4.726038675625305885e-01
4.960000000000000000e+02 2.499923535794532081e-02 7.205240656584314118e-01 4.608176816709426138e-01
4.970000000000000000e+02 2.539105351253787696e-02 7.270865397140561237e-01 4.489302154851890214e-01
4.980000000000000000e+02 2.578287166713042963e-02 7.326599627703498374e-01 4.371786714333029678e-01
4.990000000000000000e+02 2.617468982172298231e-02 7.379993407143339290e-01 4.234471195891946760e-01
5.000000000000000000e+02 2.653678534645693976e-02 7.429854437099893127e-01 4.105262927054618149e-01
5.010000000000000000e+02 2.688123125500879382e-02 7.469692517863343317e-01 4.009775561722548343e-01
5.020000000000000000e+02 2.722567716356064441e-02 7.509530598626793507e-01 3.903781108993254478e-01
5.030000000000000000e+02 2.759419158377989650e-02 7.547776059398113579e-01 3.780282598789690973e-01
5.040000000000000000e+02 2.814392952142402704e-02 7.566071917102591415e-01 3.657859121352012854e-01
5.050000000000000000e+02 2.869366745906815758e-02 7.584367774807069251e-01 3.533523264300629796e-01
5.060000000000000000e+02 2.924340539671228811e-02 7.602663632511547087e-01 3.411222200626525258e-01
5.070000000000000000e+02 2.998499569248210331e-02 7.612021801528117138e-01 3.291164493579953332e-01
5.080000000000000000e+02 3.085062995936842939e-02 7.614518866763736460e-01 3.171106786533376964e-01
5.090000000000000000e+02 3.171626422625475200e-02 7.617015931999355782e-01 3.049089610694774022e-01
5.100000000000000000e+02 3.265300906658073071e-02 7.618953315828264072e-01 2.927736493847520327e-01
5.110000000000000000e+02 3.424549224301399325e-02 7.611349081807620154e-01 2.821990262319220566e-01
5.120000000000000000e+02 3.583797541944725579e-02 7.603744847786977346e-01 2.725068302046642077e-01
5.130000000000000000e+02 3.743045859588052526e-02 7.596140613766334537e-01 2.612110466646417883e-01
5.140000000000000000e+02 3.911608999272112724e-02 7.585534412799693760e-01 2.502110262278491315e-01
5.150000000000000000e+02 4.086663682886205323e-02 7.572409304307686773e-01 2.395313201811057890e-01
5.160000000000000000e+02 4.261718366500298616e-02 7.559284195815680896e-01 2.292174181165257396e-01
5.170000000000000000e+02 4.436516997743181895e-02 7.546381660977187211e-01 2.193190640882271281e-01
5.180000000000000000e+02 4.608410256607811673e-02 7.540355244662778622e-01 2.088194169224640850e-01
5.190000000000000000e+02 4.780303515472441450e-02 7.534328828348368923e-01 2.002072933243351505e-01
5.200000000000000000e+02 4.952196774337071228e-02 7.528302412033960334e-01 1.932697662219096113e-01
5.210000000000000000e+02 5.111418848301412660e-02 7.525312022526510214e-01 1.852985285718274644e-01
5.220000000000000000e+02 5.261184255617828986e-02 7.525125174921093452e-01 1.772681642443551531e-01
5.230000000000000000e+02 5.410949662934245313e-02 7.524938327315677800e-01 1.702537660254365981e-01
5.240000000000000000e+02 5.559097292113418520e-02 7.524754395669119855e-01 1.633978137642499162e-01
5.250000000000000000e+02 5.683578271855901920e-02 7.524883274150845347e-01 1.573264483077498610e-01
5.260000000000000000e+02 5.808059251598385320e-02 7.525012152632570839e-01 1.514697112318833527e-01
5.270000000000000000e+02 5.932540231340868719e-02 7.525141031114296331e-01 1.458708994466299536e-01
5.280000000000000000e+02 6.001793491289757893e-02 7.524482830335686989e-01 1.406819281621652928e-01
5.290000000000000000e+02 6.026764143645951116e-02 7.523033154009701740e-01 1.354929568777006044e-01
5.300000000000000000e+02 6.051734796002145034e-02 7.521583477683715380e-01 1.307961987043525787e-01
5.310000000000000000e+02 6.069936552287193837e-02 7.520133801357730130e-01 1.265756942239029126e-01
5.320000000000000000e+02 5.943416739046439995e-02 7.504347805046557296e-01 1.223551897434532187e-01
5.330000000000000000e+02 5.816896925805686847e-02 7.488384290344107796e-01 1.182770901037460964e-01
5.340000000000000000e+02 5.690377112564933004e-02 7.472420775641658297e-01 1.149947253407248016e-01
5.350000000000000000e+02 5.505950162882181781e-02 7.448134616678032671e-01 1.117123605777035067e-01
5.360000000000000000e+02 5.270654074232094394e-02 7.414649609602345093e-01 1.084299958146822257e-01
5.370000000000000000e+02 5.035357985582006313e-02 7.381164602526656404e-01 1.052459042473215117e-01
5.380000000000000000e+02 4.801437560300265972e-02 7.347679595450968826e-01 1.021178696112266387e-01
5.390000000000000000e+02 4.640225700255504182e-02 7.314335178999682441e-01 9.898983497513177965e-02
5.400000000000000000e+02 4.479013840210742392e-02 7.280996637931330673e-01 9.588369755266615280e-02
5.410000000000000000e+02 4.317801980165980602e-02 7.247658096862978905e-01 9.293521256641293360e-02
5.420000000000000000e+02 4.145426650143952535e-02 7.206520860235275938e-01 8.998672758015971440e-02
5.430000000000000000e+02 3.962142789369308554e-02 7.160282776761217605e-01 8.703824259390649520e-02
5.440000000000000000e+02 3.778858928594664573e-02 7.114044693287160381e-01 8.410697814857029386e-02
5.450000000000000000e+02 3.595575067820019899e-02 7.066097287426796880e-01 8.118684534565098754e-02
5.460000000000000000e+02 3.457681504703545572e-02 7.016846241500588333e-01 7.826671254273168121e-02
5.470000000000000000e+02 3.320122321860732167e-02 6.967595195574379785e-01 7.536851730832579144e-02
5.480000000000000000e+02 3.182563139017919457e-02 6.922463027251399836e-01 7.268467644682408135e-02
5.490000000000000000e+02 3.089699424413380746e-02 6.878060723852028602e-01 7.000083558532237127e-02
5.500000000000000000e+02 3.045215327843159639e-02 6.833658420452657367e-01 6.731699472382066118e-02
5.510000000000000000e+02 3.000731231272938879e-02 6.797085294565319291e-01 6.464226957919991245e-02
5.520000000000000000e+02 2.956247134702718118e-02 6.762319654145942938e-01 6.197418302169736826e-02
5.530000000000000000e+02 2.943878888556613477e-02 6.727554013726567694e-01 5.930609646419482406e-02
5.540000000000000000e+02 2.932539083661621013e-02 6.693088262284306866e-01 5.665018865097793538e-02
5.550000000000000000e+02 2.921199278766628549e-02 6.659331822513939736e-01 5.417116844599644682e-02
5.560000000000000000e+02 2.909859473871636085e-02 6.625575382743571495e-01 5.169214824101495825e-02
5.570000000000000000e+02 2.898519668976643621e-02 6.591818942973204365e-01 4.921312803603346969e-02
5.580000000000000000e+02 2.887179864081651157e-02 6.553330263303618342e-01 4.712452008011500798e-02
5.590000000000000000e+02 2.875840059186658693e-02 6.514549080779614698e-01 4.535474055745677274e-02
5.600000000000000000e+02 2.883942413410588504e-02 6.475767898255609945e-01 4.358496103479853057e-02
5.610000000000000000e+02 2.893124681308584245e-02 6.435332919945033758e-01 4.182345032832289478e-02
5.620000000000000000e+02 2.902306949206579986e-02 6.393728497945003753e-01 4.027440138112463319e-02
5.630000000000000000e+02 2.944603467957155468e-02 6.352124075944973747e-01 3.872535243392636467e-02
5.640000000000000000e+02 3.029587233218410461e-02 6.308377149853032773e-01 3.717630348672809615e-02
5.650000000000000000e+02 3.114570998479665453e-02 6.261268380429920732e-01 3.586790640795338436e-02
5.660000000000000000e+02 3.199554763740920793e-02 6.214159611006807582e-01 3.477745905449935310e-02
5.670000000000000000e+02 3.456160986412926128e-02 6.164037244326420195e-01 3.368701170104532877e-02
5.680000000000000000e+02 3.726214187289404733e-02 6.111039665645456864e-01 3.259656434759129751e-02
5.690000000000000000e+02 3.996267388165884032e-02 6.058042086964493533e-01 3.189036496765328826e-02
5.700000000000000000e+02 4.425839079939321297e-02 6.006365023352148169e-01 3.121900484080925714e-02
5.710000000000000000e+02 4.971066542452498571e-02 5.955451534852828077e-01 3.054764471396522602e-02
5.720000000000000000e+02 5.749299368998483234e-02 5.904538046353506875e-01 2.995025494066554106e-02
5.730000000000000000e+02 7.073366830361237090e-02 5.849601910308277475e-01 2.942651127999242402e-02
5.740000000000000000e+02 8.880361678312084783e-02 5.794294946681117775e-01 2.890276761931930699e-02
5.750000000000000000e+02 1.113598405238491740e-01 5.736600401111332515e-01 2.837902395864619343e-02
5.760000000000000000e+02 1.374692533727049637e-01 5.676674765911992049e-01 2.815206371647011735e-02
5.770000000000000000e+02 1.655543432714652319e-01 5.613191557707830626e-01 2.792817543305873076e-02
5.780000000000000000e+02 1.948108310111077990e-01 5.540459861553475029e-01 2.770428714964734071e-02
5.790000000000000000e+02 2.237749335752103608e-01 5.473165868861928907e-01 2.742749929468668579e-02
5.800000000000000000e+02 2.524558589866244263e-01 5.415639929188992285e-01 2.709313003941276471e-02
5.810000000000000000e+02 2.828302280821555215e-01 5.351627480511279566e-01 2.675876078413884709e-02
5.820000000000000000e+02 3.188136670063242972e-01 5.279309810781067647e-01 2.642439152886492601e-02
5.830000000000000000e+02 3.598818789086474235e-01 5.206919413173196620e-01 2.618166292981511170e-02
5.840000000000000000e+02 4.043267666459117726e-01 5.134398787683908116e-01 2.594199108335266263e-02
5.850000000000000000e+02 4.484394126178911644e-01 5.058089568735271158e-01 2.570231923689021356e-02
5.860000000000000000e+02 4.901322901416410582e-01 4.976922409994142260e-01 2.539776810945071350e-02
5.870000000000000000e+02 5.288281297999635200e-01 4.893461481120030543e-01 2.501605270143649612e-02
5.880000000000000000e+02 5.567193466881763531e-01 4.807305317519563470e-01 2.463433729342227527e-02
5.890000000000000000e+02 5.760271278230482128e-01 4.707278611455844586e-01 2.425262188540805788e-02
5.900000000000000000e+02 5.888343442645321835e-01 4.608664697707435254e-01 2.394552509622488445e-02
5.910000000000000000e+02 5.979642471688482175e-01 4.517792437641670045e-01 2.364272088781644091e-02
5.920000000000000000e+02 6.066011132704897113e-01 4.425573110419149803e-01 2.333991667940800083e-02
5.930000000000000000e+02 6.120607387586276538e-01 4.316166651822722078e-01 2.296167464754483509e-02
5.940000000000000000e+02 6.175203642467654852e-01 4.209569244244465436e-01 2.248527203692273282e-02
5.950000000000000000e+02 6.214090953862093647e-01 4.096485274414016220e-01 2.200886942630063403e-02
5.960000000000000000e+02 6.231912572276758766e-01 3.976963692025881070e-01 2.153246681567853177e-02
5.970000000000000000e+02 6.249734190691423885e-01 3.859272182038958610e-01 2.114348640810416805e-02
5.980000000000000000e+02 6.267555809106090114e-01 3.751746449671841677e-01 2.076177100008999576e-02
5.990000000000000000e+02 6.265058635538911513e-01 3.622185296345298289e-01 2.038005559207582001e-02
6.000000000000000000e+02 6.260768036941247727e-01 3.508130084042387908e-01 1.999834018406164773e-02
6.010000000000000000e+02 6.256477438343583941e-01 3.417223941336881010e-01 1.961662477604747892e-02
6.020000000000000000e+02 6.242064321417941652e-01 3.318390945443080997e-01 1.923490936803331358e-02
6.030000000000000000e+02 6.212944000748324980e-01 3.209960217825162387e-01 1.885319396001914477e-02
6.040000000000000000e+02 6.183823680078708307e-01 3.100553759228734108e-01 1.851413582670360589e-02
6.050000000000000000e+02 6.154050702414193275e-01 2.994323048380337915e-01 1.817976657142968827e-02
6.060000000000000000e+02 6.112593005796348455e-01 2.889919183283478632e-01 1.784539731615576719e-02
6.070000000000000000e+02 6.071135309178502526e-01 2.788784097008379925e-01 1.754794823724017960e-02
6.080000000000000000e+02 6.029677612560657707e-01 2.692404954872477663e-01 1.730827639077770624e-02
6.090000000000000000e+02 5.998512739694958906e-01 2.595975227842737820e-01 1.706860454431523288e-02
6.100000000000000000e+02 5.971831874119932770e-01 2.504424764431086858e-01 1.682893269785275953e-02
6.110000000000000000e+02 5.945151008544906635e-01 2.424962709889692536e-01 1.657538867607099425e-02
6.120000000000000000e+02 5.918240329910574582e-01 2.338100679646408497e-01 1.631993345558666042e-02
6.130000000000000000e+02 5.890299172794809524e-01 2.245652289264527535e-01 1.606447823510233006e-02
6.140000000000000000e+02 5.862358015679043355e-01 2.164490132900555308e-01 1.589032871344575257e-02
6.150000000000000000e+02 5.834416858563278296e-01 2.086307079907428474e-01 1.585585793216393383e-02
6.160000000000000000e+02 5.805318292385386325e-01 2.014314145910322262e-01 1.582138715088211509e-02
6.170000000000000000e+02 5.775644431359353570e-01 1.942054476828325715e-01 1.578691636960029288e-02
6.180000000000000000e+02 5.745970570333319705e-01 1.869402548539864095e-01 1.580657579639445365e-02
6.190000000000000000e+02 5.716164381006731965e-01 1.809666572052351929e-01 1.583525023254771583e-02
6.200000000000000000e+02 5.685627753486137692e-01 1.757052209962233214e-01 1.586392466870097800e-02
6.210000000000000000e+02 5.655091125965544530e-01 1.704193218133911170e-01 1.587071129963261648e-02
6.220000000000000000e+02 5.624554498444950257e-01 1.650976426176336553e-01 1.583624051835082897e-02
6.230000000000000000e+02 5.587508570794531559e-01 1.597759634218762215e-01 1.580176973706904492e-02
6.240000000000000000e+02 5.550178539277197398e-01 1.551182919440663166e-01 1.576729895578725740e-02
6.250000000000000000e+02 5.512848507759863237e-01 1.510544057430063536e-01 1.597038198433944206e-02
6.260000000000000000e+02 5.473313821835514847e-01 1.469905195419463906e-01 1.622008850790141593e-02
6.270000000000000000e+02 5.433091141176563665e-01 1.430969697288063947e-01 1.646979503146338980e-02
6.280000000000000000e+02 5.392868460517611373e-01 1.395469323495413250e-01 1.673492590751487694e-02
6.290000000000000000e+02 5.353732696430945071e-01 1.359968949702762275e-01 1.703200127242044878e-02
6.300000000000000000e+02 5.317925735501343176e-01 1.324468575910111579e-01 1.732907663732601716e-02
6.310000000000000000e+02 5.282118774571742392e-01 1.296037331637030499e-01 1.762615200223158901e-02
6.320000000000000000e+02 5.244924846717043954e-01 1.269198923022014092e-01 1.794897697328174183e-02
6.330000000000000000e+02 5.202516486588424360e-01 1.242360514406997546e-01 1.827763251146773474e-02
6.340000000000000000e+02 5.160108126459804767e-01 1.217282218648971237e-01 1.860628804965372765e-02
6.350000000000000000e+02 5.117723455513949471e-01 1.196274158234761076e-01 1.898313283789243577e-02
6.360000000000000000e+02 5.075386206906182807e-01 1.175266097820550915e-01 1.946970059211680648e-02
6.370000000000000000e+02 5.033048958298416142e-01 1.154258037406340615e-01 1.995626834634117372e-02
6.380000000000000000e+02 4.992140450745777835e-01 1.134989873556416506e-01 2.044283610056554096e-02
6.390000000000000000e+02 4.952122618082562266e-01 1.116188564153008794e-01 2.087917539721661359e-02
6.400000000000000000e+02 4.912104785419346142e-01 1.097387254749601221e-01 2.130257599498961915e-02
6.410000000000000000e+02 4.881364356170836971e-01 1.079757839506722827e-01 2.172597659276262472e-02
6.420000000000000000e+02 4.853895794245904893e-01 1.065213451458456861e-01 2.223042022847026428e-02
6.430000000000000000e+02 4.826427232320972815e-01 1.050669063410190895e-01 2.293809686907887641e-02
6.440000000000000000e+02 4.797489653122973263e-01 1.036124675361924929e-01 2.364577350968748853e-02
6.450000000000000000e+02 4.763491278062665368e-01 1.019896636679409191e-01 2.435345015029610066e-02
6.460000000000000000e+02 4.729492903002356918e-01 1.003144784339894957e-01 2.479172774171169505e-02
6.470000000000000000e+02 4.680049737938122845e-01 9.863929320003807233e-02 2.515196420978431380e-02
6.480000000000000000e+02 4.601786183852519252e-01 9.673441943907015728e-02 2.551220067785693255e-02
6.490000000000000000e+02 4.495452180526468000e-01 9.413985545943567845e-02 2.574682128404717080e-02
6.500000000000000000e+02 4.377864141810378640e-01 9.154529147980121351e-02 2.563342323509731208e-02
6.510000000000000000e+02 4.254893640699479729e-01 8.895072750016674856e-02 2.552002518614744989e-02
6.520000000000000000e+02 4.102558685422642570e-01 8.508977606623330248e-02 2.540662713719758770e-02
6.530000000000000000e+02 3.913828335735402009e-01 8.077393590090617415e-02 2.478129488643376205e-02
6.540000000000000000e+02 3.698766961514372564e-01 7.645809573557905969e-02 2.398931739735990151e-02
6.550000000000000000e+02 3.466804311128296456e-01 7.185911809506179138e-02 2.319733990828604445e-02
6.560000000000000000e+02 3.225777789717585997e-01 6.701797276340992759e-02 2.232112764423139356e-02
6.570000000000000000e+02 2.988611771777927584e-01 6.217682743175806381e-02 2.118210506443585217e-02
6.580000000000000000e+02 2.767379224638595314e-01 5.774983237309124634e-02 2.004308248464030731e-02
6.590000000000000000e+02 2.548061530200745883e-01 5.341298978686661453e-02 1.890405990484476245e-02
6.600000000000000000e+02 2.326883462205333042e-01 4.907614720064198272e-02 1.782265332661744570e-02
6.610000000000000000e+02 2.162054735544964856e-01 4.513251964704868141e-02 1.676249660425793708e-02
6.620000000000000000e+02 1.974470096088696836e-01 4.129702479725322339e-02 1.570233988189842847e-02
6.630000000000000000e+02 1.779398259436641150e-01 3.746152994745777232e-02 1.459048990162021588e-02
6.640000000000000000e+02 1.589729194688427605e-01 3.373934145910036791e-02 1.329374976921426053e-02
6.650000000000000000e+02 1.402279909247411971e-01 3.032575782788045349e-02 1.199700963680830519e-02
6.660000000000000000e+02 1.226229595403965644e-01 2.691217419666054253e-02 1.070026950440234985e-02
6.670000000000000000e+02 1.067047910322652393e-01 2.349859056544063157e-02 9.548310941533574153e-03
6.680000000000000000e+02 9.203358738980232934e-02 2.092360756392186091e-02 8.456607309665072764e-03
6.690000000000000000e+02 7.779743422292720312e-02 1.862317495532584202e-02 7.364903677796570507e-03
6.700000000000000000e+02 6.517224838825277922e-02 1.632274234672982660e-02 6.368090740141112323e-03
6.710000000000000000e+02 5.713640148856696799e-02 1.423638554808230594e-02 5.765449108700179681e-03
6.720000000000000000e+02 4.910055458888114982e-02 1.282925436276371838e-02 5.162807477259247907e-03
6.730000000000000000e+02 4.329951611606332879e-02 1.142212317744513081e-02 4.560165845818315265e-03
6.740000000000000000e+02 3.755326156079272226e-02 1.001499199212654151e-02 4.183732673113031361e-03
6.750000000000000000e+02 3.332011791597108696e-02 9.123987553717757479e-03 3.912494267632717938e-03
6.760000000000000000e+02 3.019523306270082558e-02 8.426674592706146633e-03 3.641255862152405383e-03
6.770000000000000000e+02 2.707034820943056419e-02 7.729361631694534052e-03 3.315865512307103729e-03
6.780000000000000000e+02 2.414497421027143875e-02 7.066060304976850073e-03 2.729003097103893747e-03
6.790000000000000000e+02 2.191808471104641359e-02 6.526536672227446767e-03 2.142140681900684199e-03
6.800000000000000000e+02 1.969119521182138843e-02 5.987013039478043461e-03 1.555278266697474000e-03
6.810000000000000000e+02 1.746430571259636327e-02 5.447489406728639287e-03 1.395601964256256875e-03
6.820000000000000000e+02 1.544960717740895620e-02 4.974640061717696717e-03 1.455850143635294049e-03
6.830000000000000000e+02 1.352218560256246427e-02 4.529799096015489114e-03 1.516098323014331223e-03
6.840000000000000000e+02 1.159476402771597234e-02 4.084958130313280644e-03 1.531484840571025385e-03
6.850000000000000000e+02 9.886064628159968448e-03 3.637452865843164313e-03 1.291812994108582817e-03
6.860000000000000000e+02 9.078310378948689294e-03 3.178803587473987002e-03 1.052141147646140249e-03
6.870000000000000000e+02 8.270556129737410139e-03 2.720154309104810125e-03 8.124693011836977901e-04
6.880000000000000000e+02 7.462801880526130985e-03 2.261505030735633248e-03 5.938340117608145513e-04
6.890000000000000000e+02 6.784480652920672240e-03 2.120598845308831193e-03 3.871031167147672694e-04
6.900000000000000000e+02 6.166059994193284766e-03 2.065128604720618041e-03 1.803722216687199875e-04
6.910000000000000000e+02 5.547639335465896424e-03 2.009658364132404888e-03 3.935528108579854946e-05
6.920000000000000000e+02 4.953667791468777809e-03 1.954188123544191736e-03 3.480184815128025181e-04
6.930000000000000000e+02 4.477265180846644321e-03 1.989030221688189212e-03 6.566816819398064867e-04
6.940000000000000000e+02 4.000862570224510834e-03 2.031432279350872411e-03 9.286383316945423516e-04
6.950000000000000000e+02 3.524459959602376912e-03 2.073834337013556045e-03 9.286383316945423516e-04
6.960000000000000000e+02 3.277526152162294707e-03 1.890368915880271490e-03 9.286383316945423516e-04
6.970000000000000000e+02 3.148343216861550047e-03 1.590750370250749264e-03 9.286383316945423516e-04
6.980000000000000000e+02 3.019160281560804952e-03 1.291131824621227255e-03 9.286383316945423516e-04
6.990000000000000000e+02 2.878134564595983755e-03 9.915132789917050285e-04 9.286383316945423516e-04
7.000000000000000000e+02 2.670030033268287750e-03 9.022076955064184389e-04 8.968247243773120984e-04
