4.000000000000000000e+02 1.080829828691336203e-01 8.140354823379097882e-02 4.967735650088592192e-01
4.010000000000000000e+02 1.057177160020338208e-01 8.038285404333943285e-02 5.076910864518705546e-01
4.020000000000000000e+02 1.033524491349340213e-01 7.936215985288790076e-02 5.183174272044391850e-01
4.030000000000000000e+02 1.008081624608902493e-01 7.820296805397936035e-02 5.289050815254269233e-01
4.040000000000000000e+02 9.815178045905370574e-02 7.695705437170201335e-02 5.394927358464146616e-01
4.050000000000000000e+02 9.549539845721716214e-02 7.571114068942468023e-02 5.490548601181998167e-01
4.060000000000000000e+02 9.283901645538063241e-02 7.446522700714733323e-02 5.584217302850699172e-01
4.070000000000000000e+02 9.018263445354408880e-02 7.321931332486998623e-02 5.677886004519400176e-01
4.080000000000000000e+02 8.753229655415875610e-02 7.196821898334876400e-02 5.761795851448238137e-01
4.090000000000000000e+02 8.504046918960410373e-02 7.058125846911551815e-02 5.837520221196137449e-01
4.100000000000000000e+02 8.254864182504946524e-02 6.919429795488227231e-02 5.913244590944036760e-01
4.110000000000000000e+02 8.005681446049481287e-02 6.780733744064902646e-02 5.988968960691936072e-01
4.120000000000000000e+02 7.756498709594017438e-02 6.642037692641578062e-02 6.060228121230248899e-01
4.130000000000000000e+02 7.507315973138553589e-02 6.503341641218253477e-02 6.116821483423612316e-01
4.140000000000000000e+02 7.285335230177426846e-02 6.372190668282412540e-02 6.173414845616974622e-01
4.150000000000000000e+02 7.095478770847279959e-02 6.249950080587285406e-02 6.230008207810336929e-01
4.160000000000000000e+02 6.905622311517133072e-02 6.127709492892158272e-02 6.286601570003699235e-01
4.170000000000000000e+02 6.715765852186987572e-02 6.005468905197031138e-02 6.343194932197061542e-01
4.180000000000000000e+02 6.525909392856840685e-02 5.883228317501904003e-02 6.390443714119671270e-01
4.190000000000000000e+02 6.308841538467405141e-02 5.760987729806776869e-02 6.436754090611865875e-01
4.200000000000000000e+02 6.076531339705595891e-02 5.692551344251055995e-02 6.483064467104060480e-01
4.210000000000000000e+02 5.844221140943786641e-02 5.631431050403488264e-02 6.529374843596253974e-01
4.220000000000000000e+02 5.611910942181977391e-02 5.570310756555921228e-02 6.575685220088448579e-01
4.230000000000000000e+02 5.379600743420168141e-02 5.509190462708353497e-02 6.621296299874748215e-01
4.240000000000000000e+02 5.147290544658358891e-02 5.448070168860785767e-02 6.665490973887604476e-01
4.250000000000000000e+02 4.914980345896549641e-02 5.406123544097262562e-02 6.709685647900460737e-01
4.260000000000000000e+02 4.682670147134740390e-02 5.408474324629857638e-02 6.753880321913316997e-01
4.270000000000000000e+02 4.567498688924444966e-02 5.410825105162452714e-02 6.798074995926172148e-01
4.280000000000000000e+02 4.485221370283485470e-02 5.413175885695047790e-02 6.842269669939028409e-01
4.290000000000000000e+02 4.402944051642526668e-02 5.415526666227642866e-02 6.888409716363842472e-01
4.300000000000000000e+02 4.320666733001567172e-02 5.417877446760237942e-02 6.935190248962556092e-01
4.310000000000000000e+02 4.238389414360608370e-02 5.459366405605202421e-02 6.981970781561269712e-01
4.320000000000000000e+02 4.156112095719650956e-02 5.515785138387572367e-02 7.028751314159984442e-01
4.330000000000000000e+02 4.073834777078699787e-02 5.572203871169941619e-02 7.075531846758698062e-01
4.340000000000000000e+02 3.991557458437748618e-02 5.628622603952310871e-02 7.123212759885780843e-01
4.350000000000000000e+02 3.909280139796797449e-02 5.685041336734680817e-02 7.175165009656212511e-01
4.360000000000000000e+02 3.827002821155846279e-02 5.744541700374890952e-02 7.227117259426644180e-01
4.370000000000000000e+02 3.744725502514895110e-02 5.822117457950650582e-02 7.279069509197075849e-01
4.380000000000000000e+02 3.655109942078758195e-02 5.899693215526410905e-02 7.331021758967507518e-01
4.390000000000000000e+02 3.561078720774807360e-02 5.977268973102171229e-02 7.382974008737939187e-01
4.400000000000000000e+02 3.467047499470857219e-02 6.054844730677931552e-02 7.434506022135024539e-01
4.410000000000000000e+02 3.373016278166907078e-02 6.132420488253691876e-02 7.485753037745676020e-01
4.420000000000000000e+02 3.278985056862956243e-02 6.224669447925439830e-02 7.537000053356328610e-01
4.430000000000000000e+02 3.186471321613856822e-02 6.328103791359783459e-02 7.588247068966980091e-01
4.440000000000000000e+02 3.125351027766289091e-02 6.431538134794127781e-02 7.639494084577631572e-01
4.450000000000000000e+02 3.064230733918721361e-02 6.534972478228470716e-02 7.690558361970298851e-01
4.460000000000000000e+02 3.003110440071153978e-02 6.638406821662815038e-02 7.731461943237516454e-01
4.470000000000000000e+02 2.941990146223586247e-02 6.741841165097157973e-02 7.772365524504735168e-01
4.480000000000000000e+02 2.880869852376018864e-02 6.966198986422035555e-02 7.813269105771952772e-01
4.490000000000000000e+02 2.834048465172340006e-02 7.191873917551511175e-02 7.854172687039170375e-01
4.500000000000000000e+02 2.803488318248556141e-02 7.417548848680986795e-02 7.895076268306387979e-01
4.510000000000000000e+02 2.772928171324772623e-02 7.643223779810462415e-02 7.926269128364272776e-01
4.520000000000000000e+02 2.742368024400988757e-02 7.868898710939938035e-02 7.945075372625062249e-01
4.530000000000000000e+02 2.711807877477204892e-02 8.213123225941057481e-02 7.963881616885852832e-01
4.540000000000000000e+02 2.681247730553421027e-02 8.727232742155834055e-02 7.982687861146642305e-01
4.550000000000000000e+02 2.675784862793321658e-02 9.241342258370610629e-02 8.001494105407431778e-01
4.560000000000000000e+02 2.673434082260726583e-02 9.755451774585387203e-02 8.020300349668221251e-01
4.570000000000000000e+02 2.671083301728131507e-02 1.026956129080016378e-01 8.026351743189737986e-01
4.580000000000000000e+02 2.668732521195536431e-02 1.101290494193372660e-01 8.030348070095155721e-01
4.590000000000000000e+02 2.666381740662941355e-02 1.191328101030979525e-01 8.034344397000573457e-01
4.600000000000000000e+02 2.675745895047640030e-02 1.281365707868586390e-01 8.038340723905991192e-01
4.610000000000000000e+02 2.711007603036617863e-02 1.386539055731121350e-01 8.042337050811408927e-01
4.620000000000000000e+02 2.746269311025595350e-02 1.527497080422480780e-01 8.041143858438126735e-01
4.630000000000000000e+02 2.781531019014572836e-02 1.668512927095654463e-01 8.026804097189275122e-01
4.640000000000000000e+02 2.816792727003550323e-02 1.813263544379602465e-01 8.012464335940423510e-01
4.650000000000000000e+02 2.852054434992527809e-02 1.958014161663550190e-01 7.998124574691570787e-01
4.660000000000000000e+02 2.923513999787539716e-02 2.153748215358961271e-01 7.983784813442719175e-01
4.670000000000000000e+02 3.008142098961094635e-02 2.373624805563385731e-01 7.969445052193866452e-01
4.680000000000000000e+02 3.092770198134649901e-02 2.614308566247142696e-01 7.941519145388626910e-01
4.690000000000000000e+02 3.177398297308204472e-02 2.850273708024721464e-01 7.907902983772465699e-01
4.700000000000000000e+02 3.262026396481759738e-02 3.103738946298135182e-01 7.874286822156304488e-01
4.710000000000000000e+02 3.346654495655314310e-02 3.381862403088254365e-01 7.840670660540142167e-01
4.720000000000000000e+02 3.431282594828868188e-02 3.665684096240717782e-01 7.807054498923980956e-01
4.730000000000000000e+02 3.515910694002421372e-02 3.950128540685161616e-01 7.770106646096083258e-01
4.740000000000000000e+02 3.600538793175974556e-02 4.234572985129612110e-01 7.710172190428294936e-01
4.750000000000000000e+02 3.685166892349527740e-02 4.516209550665839512e-01 7.650237734760505504e-01
4.760000000000000000e+02 3.769794991523080924e-02 4.813113494879334153e-01 7.590303279092716071e-01
4.770000000000000000e+02 3.858491015707436744e-02 5.136120196573177310e-01 7.530368823424927749e-01
4.780000000000000000e+02 3.950171456478784177e-02 5.451711325980708178e-01 7.469247175960930241e-01
4.790000000000000000e+02 4.041851897250131609e-02 5.738117456248905679e-01 7.387917134808666964e-01
4.800000000000000000e+02 4.133532338021478347e-02 6.025467901449986785e-01 7.306587093656403686e-01
4.810000000000000000e+02 4.225212778792825780e-02 6.312230946703113466e-01 7.225257052504140409e-01
4.820000000000000000e+02 4.316893219564173212e-02 6.596675391147565071e-01 7.140526700142822980e-01
4.830000000000000000e+02 4.401531163220851611e-02 6.874392057552649593e-01 7.045711885328007629e-01
4.840000000000000000e+02 4.486159262394405489e-02 7.141774621874695805e-01 6.950897070513193388e-01
4.850000000000000000e+02 4.570787361567960061e-02 7.381287119594098778e-01 6.856082255698379146e-01
4.860000000000000000e+02 4.655415460741513939e-02 7.628379211594623621e-01 6.752900911273270745e-01
4.870000000000000000e+02 4.740043559915067817e-02 7.865508454437438735e-01 6.649333959706318353e-01
4.880000000000000000e+02 4.822695174008125030e-02 8.046333851262836845e-01 6.545767008139365961e-01
4.890000000000000000e+02 4.902621712116481123e-02 8.236236785181124676e-01 6.432961673032302485e-01
4.900000000000000000e+02 4.982548250224837216e-02 8.439411388355722021e-01 6.315391302661933493e-01
4.910000000000000000e+02 5.062474788333193310e-02 8.607499648220310329e-01 6.197820932291564500e-01
4.920000000000000000e+02 5.142401326441549403e-02 8.755094709948706422e-01 6.068693941332711228e-01
4.930000000000000000e+02 5.222327864549905496e-02 8.894912211276962966e-01 5.937849496888267797e-01
4.940000000000000000e+02 5.318092535257235021e-02 9.020240157404908476e-01 5.806623824424668179e-01
4.950000000000000000e+02 5.416825317626383640e-02 9.145568103532852877e-01 5.674641602202445956e-01
4.960000000000000000e+02 5.515558099995531566e-02 9.249908332202380068e-01 5.542659379980223733e-01
4.970000000000000000e+02 5.614290882364680185e-02 9.337770060597441191e-01 5.407038492409700359e-01
4.980000000000000000e+02 5.713023664733828805e-02 9.425631788992502313e-01 5.270505159076367407e-01
4.990000000000000000e+02 5.834094809871218784e-02 9.513493517387563436e-01 5.133371171988598824e-01
5.000000000000000000e+02 6.017455691413917812e-02 9.574586415542617468e-01 4.994562283099710509e-01
5.010000000000000000e+02 6.200816572956616146e-02 9.627079344835546282e-01 4.855753394210822194e-01
5.020000000000000000e+02 6.384177454499315174e-02 9.679572274128476206e-01 4.716944505321933323e-01
5.030000000000000000e+02 6.567538336042014202e-02 9.732065203421406130e-01 4.578135616433044452e-01
5.040000000000000000e+02 6.750899217584713230e-02 9.784558132714336054e-01 4.439985004749995023e-01
5.050000000000000000e+02 6.964888747246265888e-02 9.817658291645696700e-01 4.304589449194439199e-01
5.060000000000000000e+02 7.192914458908343522e-02 9.841871331131463174e-01 4.169193893638883375e-01
5.070000000000000000e+02 7.420940170570419769e-02 9.866084370617230759e-01 4.036789794296127831e-01
5.080000000000000000e+02 7.648965882232497404e-02 9.890297410102997233e-01 3.905945349851683845e-01
5.090000000000000000e+02 7.876991593894573651e-02 9.914510449588763707e-01 3.776675048513401522e-01
5.100000000000000000e+02 8.109820080213965554e-02 9.936701268166187040e-01 3.658759896998251548e-01
5.110000000000000000e+02 8.382510621995413469e-02 9.942108063391164041e-01 3.540844745483101019e-01
5.120000000000000000e+02 8.655201163776861384e-02 9.947514858616141042e-01 3.425882833452893461e-01
5.130000000000000000e+02 8.927891705558309299e-02 9.952921653841118044e-01 3.316845796415854308e-01
5.140000000000000000e+02 9.200582247339758601e-02 9.958328449066095045e-01 3.207808759378815155e-01
5.150000000000000000e+02 9.473272789121206516e-02 9.963735244291072046e-01 3.099459082184606862e-01
5.160000000000000000e+02 9.733520314421000019e-02 9.961800659791871793e-01 2.992792415517941951e-01
5.170000000000000000e+02 9.982703050876466644e-02 9.953337849874516197e-01 2.886125748851276485e-01
5.180000000000000000e+02 1.023188578733193466e-01 9.944875039957160601e-01 2.781797573720798944e-01
5.190000000000000000e+02 1.048106852378740128e-01 9.936412230039805005e-01 2.684586340509565461e-01
5.200000000000000000e+02 1.073025126024286791e-01 9.927949420122449409e-01 2.587375107298331423e-01
5.210000000000000000e+02 1.097943399669833453e-01 9.919486610205093813e-01 2.490163874087097384e-01
5.220000000000000000e+02 1.113024040311108992e-01 9.897832428759284484e-01 2.408178900419974122e-01
5.230000000000000000e+02 1.127598879613220945e-01 9.875500013699597401e-01 2.326976784017857347e-01
5.240000000000000000e+02 1.142173718915333036e-01 9.853167598639909208e-01 2.245774667615740572e-01
5.250000000000000000e+02 1.156748558217444989e-01 9.830835183580222125e-01 2.167375970210047575e-01
5.260000000000000000e+02 1.171323397519557080e-01 9.808502768520535042e-01 2.105145241874057382e-01
5.270000000000000000e+02 1.180901792468234957e-01 9.784066587417296068e-01 2.042914513538067189e-01
5.280000000000000000e+02 1.182077182734534160e-01 9.756092299079370811e-01 1.980683785202076996e-01
5.290000000000000000e+02 1.183252573000833224e-01 9.728118010741446664e-01 1.918453056866086803e-01
5.300000000000000000e+02 1.184427963267132428e-01 9.700143722403521407e-01 1.860858549807015705e-01
5.310000000000000000e+02 1.185603353533431492e-01 9.672169434065596150e-01 1.812667548888741709e-01
5.320000000000000000e+02 1.186778743799730695e-01 9.644195145727672003e-01 1.764476547970467435e-01
5.330000000000000000e+02 1.178426858646905995e-01 9.610242959087551551e-01 1.716285547052193439e-01
5.340000000000000000e+02 1.167613268196951992e-01 9.574746173045310949e-01 1.668094546133919442e-01
5.350000000000000000e+02 1.156799677746997990e-01 9.539249387003071456e-01 1.619903545215645446e-01
5.360000000000000000e+02 1.145986087297043987e-01 9.503752600960830854e-01 1.578960534742582245e-01
5.370000000000000000e+02 1.135172496847089985e-01 9.468255814918590252e-01 1.540407734007962492e-01
5.380000000000000000e+02 1.124053604364259884e-01 9.430672798318362471e-01 1.501854933273342740e-01
5.390000000000000000e+02 1.111829545594746754e-01 9.385537812092467069e-01 1.463302132538722988e-01
5.400000000000000000e+02 1.099605486825233486e-01 9.340402825866570558e-01 1.424749331804103236e-01
5.410000000000000000e+02 1.087381428055720217e-01 9.295267839640675156e-01 1.387299605403503333e-01
5.420000000000000000e+02 1.075157369286206949e-01 9.250132853414778644e-01 1.355093912106901666e-01
5.430000000000000000e+02 1.062933310516693680e-01 9.204997867188883243e-01 1.322888218810300276e-01
5.440000000000000000e+02 1.053709973259347316e-01 9.153571368192477964e-01 1.290682525513698609e-01
5.450000000000000000e+02 1.046187475555031554e-01 9.098578775599885926e-01 1.258476832217096941e-01
5.460000000000000000e+02 1.038664977850715793e-01 9.043586183007292778e-01 1.226271138920495413e-01
5.470000000000000000e+02 1.031142480146400170e-01 8.988593590414700740e-01 1.195745529725004974e-01
5.480000000000000000e+02 1.023619982442084408e-01 8.933600997822108702e-01 1.166360773067521006e-01
5.490000000000000000e+02 1.016780948351176800e-01 8.875478721348241118e-01 1.136976016410037177e-01
5.500000000000000000e+02 1.020644874973723887e-01 8.810505621933035769e-01 1.107591259752553209e-01
5.510000000000000000e+02 1.024508801596270974e-01 8.745532522517831531e-01 1.078206503095069241e-01
5.520000000000000000e+02 1.028372728218818061e-01 8.680559423102626182e-01 1.048944187196436950e-01
5.530000000000000000e+02 1.032236654841365148e-01 8.615586323687421944e-01 1.026611772136748896e-01
5.540000000000000000e+02 1.036100581463912235e-01 8.546738624816526686e-01 1.004279357077060703e-01
5.550000000000000000e+02 1.039964508086459322e-01 8.473954311091036473e-01 9.819469420173726482e-02
5.560000000000000000e+02 1.061041819660758639e-01 8.401169997365547371e-01 9.596145269576845938e-02
5.570000000000000000e+02 1.087633708700408847e-01 8.328385683640058268e-01 9.372821118979964006e-02
5.580000000000000000e+02 1.114225597740059054e-01 8.254757110451927948e-01 9.184596447493924287e-02
5.590000000000000000e+02 1.140817486779709261e-01 8.177423777118595360e-01 9.041198835005402612e-02
5.600000000000000000e+02 1.167409375819359607e-01 8.100090443785262773e-01 8.897801222516880937e-02
5.610000000000000000e+02 1.230677922059162654e-01 8.022757110451930185e-01 8.754403610028360649e-02
5.620000000000000000e+02 1.297859542181958592e-01 7.944851741988020466e-01 8.611005997539838974e-02
5.630000000000000000e+02 1.365041162304754530e-01 7.863073964210243183e-01 8.467608385051317299e-02
5.640000000000000000e+02 1.432222782427550467e-01 7.781296186432465900e-01 8.384926622228693061e-02
5.650000000000000000e+02 1.546727156400857783e-01 7.699518408654688617e-01 8.312052425718133297e-02
5.660000000000000000e+02 1.693690119363820690e-01 7.617796570217303387e-01 8.239178229207573534e-02
5.670000000000000000e+02 1.841945673842279307e-01 7.536797628418361317e-01 8.166304032697013771e-02
5.680000000000000000e+02 2.011348142978082731e-01 7.455798686619420357e-01 8.093429836186455395e-02
5.690000000000000000e+02 2.180750612113885878e-01 7.374799744820478287e-01 8.032518532511871701e-02
5.700000000000000000e+02 2.378386278957579092e-01 7.291078421015360078e-01 8.001958385588088529e-02
5.710000000000000000e+02 2.591293581425850867e-01 7.199940099019891404e-01 7.971398238664305358e-02
5.720000000000000000e+02 2.935212773345040049e-01 7.108801777024423840e-01 7.940838091740522187e-02
5.730000000000000000e+02 3.206364672222642986e-01 7.017663455028955166e-01 7.910277944816737627e-02
5.740000000000000000e+02 3.503268672466386402e-01 6.924257180226464081e-01 7.879717797892954456e-02
5.750000000000000000e+02 3.828032726497231364e-01 6.829963325932612017e-01 7.852469909353525235e-02
5.760000000000000000e+02 4.167116307024176791e-01 6.735669471638759953e-01 7.826611323494939154e-02
5.770000000000000000e+02 4.520218461001577759e-01 6.639820185217496507e-01 7.800752737636353074e-02
5.780000000000000000e+02 4.866559025960176532e-01 6.541844876575518830e-01 7.774894151777768381e-02
5.790000000000000000e+02 5.213602357548613453e-01 6.443869567933542264e-01 7.749035565919182300e-02
5.800000000000000000e+02 5.563057390466240593e-01 6.343793404292438209e-01 7.722583234672192321e-02
5.810000000000000000e+02 5.909876287881346002e-01 6.240287231452933403e-01 7.692023087748409149e-02
5.820000000000000000e+02 6.234741784957362754e-01 6.136781058613429707e-01 7.661462940824625978e-02
5.830000000000000000e+02 6.568884678980652092e-01 6.032136574257668249e-01 7.630902793900842807e-02
5.840000000000000000e+02 6.910668605440217771e-01 5.925254419375514114e-01 7.600342646977058247e-02
5.850000000000000000e+02 7.238197900769895998e-01 5.818372264493359980e-01 7.569782500053275076e-02
5.860000000000000000e+02 7.552343876918641286e-01 5.704403927602671454e-01 7.531491972756546027e-02
5.870000000000000000e+02 7.822075677684934281e-01 5.584592479791224973e-01 7.486827142637171584e-02
5.880000000000000000e+02 8.100739430991527046e-01 5.464781031979777381e-01 7.442162312517797140e-02
5.890000000000000000e+02 8.380033424455700652e-01 5.343137847855627953e-01 7.397497482398422697e-02
5.900000000000000000e+02 8.653416140505079124e-01 5.220912932030709053e-01 7.352832652279048253e-02
5.910000000000000000e+02 8.847866340952719177e-01 5.098688016205790152e-01 7.308167822159672422e-02
5.920000000000000000e+02 9.013199674286056506e-01 4.972517317512933355e-01 7.247543546696164074e-02
5.930000000000000000e+02 9.138485427901171798e-01 4.846223984179600097e-01 7.186423252848597731e-02
5.940000000000000000e+02 9.246777491393233239e-01 4.721907219604870032e-01 7.125302959001031389e-02
5.950000000000000000e+02 9.355069554885293570e-01 4.600164997382648613e-01 7.064182665153463658e-02
5.960000000000000000e+02 9.449459793001094843e-01 4.478422775160426639e-01 7.003062371305897316e-02
5.970000000000000000e+02 9.466477205218507551e-01 4.355657972430633795e-01 6.934576763334557303e-02
5.980000000000000000e+02 9.483494617435919150e-01 4.232777972430633584e-01 6.854650225226202598e-02
5.990000000000000000e+02 9.500512029653331858e-01 4.110311213478347048e-01 6.774723687117846505e-02
6.000000000000000000e+02 9.517529441870744567e-01 3.988568991256125074e-01 6.694797149009491799e-02
6.010000000000000000e+02 9.534546854088157275e-01 3.866826769033902544e-01 6.614870610901135706e-02
6.020000000000000000e+02 9.505960821072191314e-01 3.744827725166508525e-01 6.534944072792781000e-02
6.030000000000000000e+02 9.467878176444092242e-01 3.622775199913984556e-01 6.430159086783195088e-02
6.040000000000000000e+02 9.429795531815994281e-01 3.501011135022648602e-01 6.319672401751054436e-02
6.050000000000000000e+02 9.391712887187895209e-01 3.386443233788082319e-01 6.209185716718913089e-02
6.060000000000000000e+02 9.353630242559796137e-01 3.271875332553516036e-01 6.098699031686772437e-02
6.070000000000000000e+02 9.311022558410588790e-01 3.157307431318949753e-01 5.988212346654631091e-02
6.080000000000000000e+02 9.254798604586633726e-01 3.054836518851875016e-01 5.885466706852155588e-02
6.090000000000000000e+02 9.198574650762678662e-01 2.952415680431035305e-01 5.807890949276397347e-02
6.100000000000000000e+02 9.142350696938723598e-01 2.849994842010196150e-01 5.730315191700639799e-02
6.110000000000000000e+02 9.086126743114769644e-01 2.757065456133401260e-01 5.652739434124882251e-02
6.120000000000000000e+02 9.029902789290814580e-01 2.668210429678374296e-01 5.575163676549124009e-02
6.130000000000000000e+02 8.971310277438488967e-01 2.579355403223347332e-01 5.497587918973366461e-02
6.140000000000000000e+02 8.912525092253305026e-01 2.490500376768320645e-01 5.455534645642676206e-02
6.150000000000000000e+02 8.853739907068121084e-01 2.417266493038725261e-01 5.432026840316689364e-02
6.160000000000000000e+02 8.794954721882938253e-01 2.345839332544899514e-01 5.408519034990703217e-02
6.170000000000000000e+02 8.736169536697754312e-01 2.274412172051073766e-01 5.385011229664717070e-02
6.180000000000000000e+02 8.684024210634767593e-01 2.202985011557248018e-01 5.361503424338730228e-02
6.190000000000000000e+02 8.636303365823013722e-01 2.138648395262043589e-01 5.339847612400405730e-02
6.200000000000000000e+02 8.588582521011258741e-01 2.088556620370267680e-01 5.339847612400405730e-02
6.210000000000000000e+02 8.540861676199504871e-01 2.038464845478491771e-01 5.339847612400405730e-02
6.220000000000000000e+02 8.493140831387749889e-01 1.988373070586715863e-01 5.339847612400405730e-02
6.230000000000000000e+02 8.445528091306299112e-01 1.938281295694940232e-01 5.339847612400405730e-02
6.240000000000000000e+02 8.402743885613002117e-01 1.888317817857513292e-01 5.339847612400405730e-02
6.250000000000000000e+02 8.359959679919705122e-01 1.854936734294611589e-01 5.349261399387517102e-02
6.260000000000000000e+02 8.317175474226408127e-01 1.821555650731710163e-01 5.368067643648305465e-02
6.270000000000000000e+02 8.274391268533110022e-01 1.788174567168808737e-01 5.386873887909093828e-02
6.280000000000000000e+02 8.231607062839813027e-01 1.754793483605907034e-01 5.405680132169882190e-02
6.290000000000000000e+02 8.187466953925605084e-01 1.721412400043005608e-01 5.424486376430670553e-02
6.300000000000000000e+02 8.141626733539929495e-01 1.691766733818731994e-01 5.443292620691458916e-02
6.310000000000000000e+02 8.095786513154255015e-01 1.667083538226446227e-01 5.522809792376581761e-02
6.320000000000000000e+02 8.049946292768580536e-01 1.642400342634160459e-01 5.607437891550137027e-02
6.330000000000000000e+02 8.004106072382906056e-01 1.617717147041874415e-01 5.692065990723691599e-02
6.340000000000000000e+02 7.958265851997231577e-01 1.593033951449588648e-01 5.776694089897246864e-02
6.350000000000000000e+02 7.914867063426254123e-01 1.568350755857302603e-01 5.861322189070802130e-02
6.360000000000000000e+02 7.871847779679698176e-01 1.552072164675901422e-01 5.945141297334320674e-02
6.370000000000000000e+02 7.828828495933142229e-01 1.537262247320529129e-01 6.027418615975276700e-02
6.380000000000000000e+02 7.785809212186586281e-01 1.522452329965156836e-01 6.109695934616232726e-02
6.390000000000000000e+02 7.742789928440030334e-01 1.507642412609784821e-01 6.191973253257188753e-02
6.400000000000000000e+02 7.698217523660649819e-01 1.492832495254412528e-01 6.274250571898144779e-02
6.410000000000000000e+02 7.649791444689115760e-01 1.478985337584536042e-01 6.356527890539100112e-02
6.420000000000000000e+02 7.601365365717581701e-01 1.467701591028061914e-01 6.449608298848009957e-02
6.430000000000000000e+02 7.552939286746047642e-01 1.456417844471588063e-01 6.545990300684553787e-02
6.440000000000000000e+02 7.504513207774513583e-01 1.445134097915113935e-01 6.642372302521099003e-02
6.450000000000000000e+02 7.456087128802979525e-01 1.433850351358640085e-01 6.738754304357642833e-02
6.460000000000000000e+02 7.400660514826088443e-01 1.422566604802165957e-01 6.835136306194188049e-02
6.470000000000000000e+02 7.342361157617640632e-01 1.416672958868038790e-01 6.928429498903948547e-02
6.480000000000000000e+02 7.284061800409192822e-01 1.413146788069140625e-01 7.008356037012307416e-02
6.490000000000000000e+02 7.225762443200745011e-01 1.409620617270242460e-01 7.088282575120667672e-02
6.500000000000000000e+02 7.167463085992297200e-01 1.406094446471344295e-01 7.168209113229026541e-02
6.510000000000000000e+02 7.109538338810159619e-01 1.402568275672446130e-01 7.248135651337385410e-02
6.520000000000000000e+02 7.054102456174277114e-01 1.399480676596712436e-01 7.328062189445744279e-02
6.530000000000000000e+02 6.998666573538394609e-01 1.399715754649972221e-01 7.409421510035406333e-02
6.540000000000000000e+02 6.943230690902512103e-01 1.399950832703232284e-01 7.491698828676358890e-02
6.550000000000000000e+02 6.887794808266629598e-01 1.400185910756492069e-01 7.573976147317310059e-02
6.560000000000000000e+02 6.832358925630747093e-01 1.400420988809752132e-01 7.656253465958262616e-02
6.570000000000000000e+02 6.770897307882566274e-01 1.400656066863011917e-01 7.738530784599215173e-02
6.580000000000000000e+02 6.707986846544033988e-01 1.405573980954193947e-01 7.821175733156821019e-02
6.590000000000000000e+02 6.645076385205500591e-01 1.414506946978069390e-01 7.915206954460776712e-02
6.600000000000000000e+02 6.582165923866967194e-01 1.423439913001944557e-01 8.009238175764731016e-02
6.610000000000000000e+02 6.519255462528434908e-01 1.432372879025820001e-01 8.103269397068686708e-02
6.620000000000000000e+02 6.454042730523287252e-01 1.441305845049695444e-01 8.197300618372642400e-02
6.630000000000000000e+02 6.388803484259480969e-01 1.450238811073570611e-01 8.291331839676598092e-02
6.640000000000000000e+02 6.323564237995673576e-01 1.468877545301207899e-01 8.380037810890778038e-02
6.650000000000000000e+02 6.258324991731867293e-01 1.487918867615257712e-01 8.462315129531729208e-02
6.660000000000000000e+02 6.193200420326102629e-01 1.506960189929307248e-01 8.544592448172678989e-02
6.670000000000000000e+02 6.128631531437214175e-01 1.526001512243357061e-01 8.626869766813628770e-02
6.680000000000000000e+02 6.064062642548324611e-01 1.545042834557406874e-01 8.709147085454579940e-02
6.690000000000000000e+02 5.999493753659435047e-01 1.565610584998478327e-01 8.791424404095529721e-02
6.700000000000000000e+02 5.934924864770546593e-01 1.588648234217945876e-01 8.875758296789060253e-02
6.710000000000000000e+02 5.871187680009037901e-01 1.611685883437413147e-01 8.960386395962613437e-02
6.720000000000000000e+02 5.814939098960455466e-01 1.634723532656880418e-01 9.045014495136166621e-02
6.730000000000000000e+02 5.758690517911874140e-01 1.657761181876347689e-01 9.129642594309721193e-02
6.740000000000000000e+02 5.702441936863291705e-01 1.680798831095815238e-01 9.214270693483274377e-02
6.750000000000000000e+02 5.646193355814709269e-01 1.707237441594449956e-01 9.287741711783213672e-02
6.760000000000000000e+02 5.589944774766127944e-01 1.734506495772594747e-01 9.334757322435190130e-02
6.770000000000000000e+02 5.543588368576547465e-01 1.761775549950739816e-01 9.381772933087166588e-02
6.780000000000000000e+02 5.500098928723472502e-01 1.789044604128884608e-01 9.428788543739144434e-02
6.790000000000000000e+02 5.456609488870396429e-01 1.816313658307029399e-01 9.475804154391120893e-02
6.800000000000000000e+02 5.413120049017321467e-01 1.844483995424495704e-01 9.522819765043097351e-02
6.810000000000000000e+02 5.369630609164245394e-01 1.875749376508058230e-01 9.600234524301098915e-02
6.820000000000000000e+02 5.328365038048831215e-01 1.907014757591620480e-01 9.689564184539847802e-02
6.830000000000000000e+02 5.296159344752229270e-01 1.938280138675183006e-01 9.778893844778596689e-02
6.840000000000000000e+02 5.263953651455627325e-01 1.969545519758745256e-01 9.868223505017345576e-02
6.850000000000000000e+02 5.231747958159025380e-01 2.000810900842307782e-01 9.957553165256095851e-02
6.860000000000000000e+02 5.199542264862422325e-01 2.033597972395388698e-01 1.004523490003860348e-01
6.870000000000000000e+02 5.167336571565820380e-01 2.067214134011550741e-01 1.012281065761436172e-01
6.880000000000000000e+02 5.146187586433649264e-01 2.100830295627712785e-01 1.020038641519011996e-01
6.890000000000000000e+02 5.131847825184797651e-01 2.134446457243875106e-01 1.027796217276587681e-01
6.900000000000000000e+02 5.117508063935944929e-01 2.168062618860037150e-01 1.035553793034163506e-01
6.910000000000000000e+02 5.103168302687093316e-01 2.201386399327422971e-01 1.043311368791739330e-01
6.920000000000000000e+02 5.088828541438240594e-01 2.230771155984907217e-01 1.048955169947921040e-01
6.930000000000000000e+02 5.074977160895292050e-01 2.260155912642391185e-01 1.052951496853339053e-01
6.940000000000000000e+02 5.072649888168019316e-01 2.289540669299875431e-01 1.056947823758757066e-01
6.950000000000000000e+02 5.070322615440745473e-01 2.318925425957359676e-01 1.060944150664174940e-01
6.960000000000000000e+02 5.067995342713472740e-01 2.348310182614843644e-01 1.064940477569592953e-01
6.970000000000000000e+02 5.065668069986200006e-01 2.371535187462696648e-01 1.068936804475010965e-01
6.980000000000000000e+02 5.063340797258927273e-01 2.388371632515811638e-01 1.073241482468494379e-01
6.990000000000000000e+02 5.064644616185757231e-01 2.405208077568926628e-01 1.077551246778258587e-01
7.000000000000000000e+02 5.066062468315797318e-01 2.422044522622041618e-01 1.081861011088022656e-01
